data/.svn/text-base/FSLandScanAscii.txt.svn-base
NCOLS 146
NROWS 92
XLLCORNER 112.6560
YLLCORNER 22.49559
CELLSIZE 0.008333333
NODATA_VALUE -9999
[rows 43 to 85 of 92, columns 0 to 95 of 146]
6 11 10 27 54 60 6 224 1619 126 100 93 140 125 125 125 140 218 252 102 88 252 210 4298 202 4235 294 58 5 23 0 5 6418 300 51 961 202 225 225 202 202 202 5169 51 51 84 72 197 426 376 160 240 173 165 83 21 83 41 165 793 1057 330 413 4874 1454 565 496 231 1751 1751 264 220 881 10751 1146 337 1189 72 47 12 2929 4854 189 295 168 95 47 112 11 11 11 140 126 234 292 351
5 52 28 5 10 6 16 364 324 81 1184 84 3153 3195 140 156 154 4260 4877 336 4877 105 336 374 374 105 296 311 603 4 0 0 1524 405 105 225 180 56 180 160 130 180 59 51 51 91 126 297 9583 661 463 17 124 149 1057 264 14937 157 83 121 28 173 198 595 21 28 66 83 0 176 55 55 33 15 138 2454 3415 158 158 115 1028 587 134 42 12 1171 345 1169 1655 126 112 1627 112 1627 126 2299
83 26 2 5 19 121 252 448 224 125 71 171 156 156 238 4223 4235 249 308 420 498 533 411 4134 462 304 420 420 378 189 0 29 66 48 225 202 180 180 29 4515 280 315 67 51 34 275 1234 1983 323 235 4614 253 154 184 182 154 297 193 881 330 248 155 41 76 248 606 364 1013 14805 749 1619 24454 1751 1605 397 126 98 4797 101 75 47 13 84 2468 168 116 126 1627 112 112 112 112 112 112 112 112
56 50 47 23 25 87 224 420 224 3181 56 1612 125 196 252 343 280 4793 210 645 4975 280 118 1495 174 29 598 673 757 547 0 189 4737 39 180 180 180 180 180 180 180 84 34 55 116 386 441 1851 297 1234 1057 289 262 68 68 11 318 317 330 248 220 165 529 179 386 468 661 25980 2313 2220 1322 1157 1110 24950 386 204 11 7 13 42 168 2440 252 168 168 252 2356 28 140 126 1627 1627 112 112 1627 112
131 18 182 224 199 137 311 8026 224 154 112 100 1682 78 223 308 7189 448 364 224 199 76 140 32 34 213 202 260 357 759 16 24 196 180 56 180 180 180 180 63 42 67 63 231 1410 1410 1983 1305 808 793 617 179 248 179 190 1322 281 413 413 749 179 529 529 165 207 358 468 661 1301 1762 1597 1591 1377 1377 725 105 103 25 1516 140 154 168 295 168 32 21 32 21 8 19 39 112 112 112 1641 126
110 224 4835 299 171 249 336 448 280 168 125 112 174 294 299 280 374 308 162 120 23 37 149 44 320 4 6 16 21 180 219 0 155 350 400 400 78 270 202 42 147 101 101 1410 397 5750 1762 754 318 13395 165 529 248 173 190 1146 7138 349 240 198 207 165 165 165 165 207 358 1674 1520 1983 1873 600 1267 25500 1157 203 110 24 108 1697 154 168 252 168 53 32 39 47 32 6 14 126 140 112 112 126
1445 112 182 224 1738 4260 294 224 224 2205 168 168 137 91 112 262 420 175 28 35 31 47 47 30 0 0 19 1 18 5 21 52 0 156 7664 98 51 67 103 133 101 126 152 177 185 20797 862 5271 734 485 485 165 165 661 93 112 1190 397 446 207 275 179 165 248 330 330 1146 1322 1308 1310 2859 4627 3525 464 1041 888 110 53 20 166 4755 168 252 168 458 32 168 1512 30 21 11 16 168 140 126 126
112 84 100 100 63 101 367 56 79 87 70 112 69 101 112 253 252 12 7 4 5 126 19 24 0 1 24 1 14 3 6 2521 254 0 6 85 51 539 232 84 169 253 232 246 135 118 472 207 485 397 397 441 485 793 62 155 186 4792 537 702 317 303 330 330 413 2115 1807 1498 1410 3830 12571 8905 8905 2313 393 1371 617 212 47 2567 337 4839 252 168 168 32 32 4797 168 18 368 95 168 2440 168 140
60 23 355 3 448 19 34 46 356 18 3 4 2 2 10 154 448 15 5 4 4 37 2 1 1 3 4 25 30 4 4 6 294 1965 4 0 4 57 2200 228 152 253 139 118 101 67 59 51 441 397 441 573 397 881 496 529 289 83 330 537 744 661 661 661 744 1718 661 744 40044 8817 8381 8846 8905 7333 573 881 330 297 165 520 793 4881 168 168 168 458 32 210 47 32 0 168 95 168 168 140
237 51 56 60 79 2 135 2 4 1 1 1 12 2 4 9 188 304 140 6 3 4 2 0 15 80 26 8 3 2 45 123 178 301 94 11 0 0 0 0 59 607 1966 674 150 719 629 105 7623 485 529 1065 441 15113 529 165 165 248 83 330 4874 413 413 413 372 132 198 859 1807 5451 8323 14667 11524 1938 1897 1057 207 15289 93 93 4932 661 529 66 21 21 168 168 37 23 95 2440 168 2440 95 154
23 12 4 16 2 2 2 2 3 2 2 12 16 16 39 280 5185 448 249 87 19 1 9 9 3 25 31 4 5 10 1456 61 474 276 301 429 11 0 3 0 85 42 147 883 186 2920 110 88 149 151 76 426 364 485 529 99 66 248 4750 83 186 186 330 248 793 705 925 15333 1057 11456 982 6635 2372 164 1410 343 1057 289 262 655 496 297 529 529 168 53 168 21 39 321 39 5 168 168 95 42
9 1 1 3 4 4 2 12 27 19 16 9 2 28 121 252 473 411 273 91 23 3 3 6 88 113 16 131 50 70 361 442 132 271 203 226 53 0 14 32 5 0 30 51 51 0 0 0 4 145 350 206 749 485 529 529 529 248 165 66 66 248 33 4792 330 198 1190 182 1586 413 771 20444 1762 2115 313 6570 661 308 595 925 793 508 149 485 168 21 21 32 168 168 37 891 42 154 1655 154
33 28 2 2 5 4 22 27 6 993 23 51 38 100 125 299 322 137 119 37 31 54 31 94 226 276 141 88 50 8 45 7047 7815 326 226 294 339 288 0 13 42 34 0 0 51 296 144 0 1 0 1388 220 264 165 165 165 529 4668 289 99 248 330 186 217 496 182 165 454 5267 74 308 6389 539 822 1253 1102 793 749 705 55 0 14 0 110 154 168 168 168 154 140 739 140 140 28 31 35
993 19 16 19 38 38 413 6 22 33 44 8 813 71 162 93 1174 3 25 34 11 65 166 281 3004 158 156 181 261 3817 359 587 339 392 7725 316 376 120 587 102 2753 678 87 2661 587 120 3255 278 11 1 93 255 372 234 275 881 262 248 289 330 1057 1322 454 124 273 2842 969 94 322 793 617 264 507 101 248 1278 1322 628 116 188 62 151 185 7 275 140 140 140 126 100 56 81 112 112 98 150
444 7 627 5 16 28 33 33 56 51 56 77 154 112 31 3 31 11 14 5 31 25 6 110 131 102 132 181 228 402 542 813 663 482 462 381 198 678 227 678 282 7108 440 331 90 96 94 2766 226 0 43 392 617 705 969 1102 1234 330 330 15465 1586 23000 454 316 69 160 103 207 165 165 103 1253 2199 1370 1146 127 122 88 17 112 179 91 83 101 138 234 112 112 112 31 44 31 112 53 42 112
23 19 3 3 2 2 28 22 16 813 69 670 65 4 3 3 3 7 33 16 9 12 20 53 100 62 221 3494 361 408 610 11723 7928 678 9256 678 723 289 783 723 456 392 422 158 2 14 3336 103 148 9 8 83 193 1013 248 1454 454 4874 496 1586 454 372 303 88 207 72 529 437 105 66 69 248 104 8218 7305 1763 491 991 633 318 668 529 5243 2006 0 34 614 2144 126 38 61 84 84 70 7 5
4 2 7 2 12 2 22 2 44 4 14 12 6 27 3 792 9 9 12 23 4 189 7 7 11 110 161 248 361 610 602 542 542 10420 723 703 858 783 602 482 497 6867 212 50 3 32 118 18 15 4 0 0 81 344 1586 1454 1057 182 454 1322 330 275 165 110 44 165 193 72 705 99 89 6679 6154 11952 8218 10834 2777 158 2776 1807 330 151 138 297 275 52 18 35 31 827 56 56 56 56 56 39
2 3 3 12 9 1 3 621 9 6 30 6 5 200 12 16 5 2 2 4 19 61 35 23 70 1601 241 241 152 228 402 3785 226 326 13904 964 8467 587 339 359 261 163 141 44 25 11 1676 72 174 64 0 23 0 21 149 273 176 1057 132 173 248 151 138 124 352 352 228 243 83 99 427 8964 11952 8616 457 5593 6620 3437 799 1807 330 749 485 93 1578 1968 32 0 14 56 56 56 56 56 32 56
1 14 1 3 1 3 4 8 3 8 22 11 7 6 355 7 2 2 1 2 7 3 20 4 161 105 166 181 90 179 1990 321 221 457 1084 440 112 632 602 462 221 3147 98 80 55 106 121 38 27 43 0 25 99 198 434 0 0 14 1096 165 165 147 66 151 138 124 151 99 165 112 93 3077 5507 1519 127 1329 1573 355 1146 1057 1057 529 183 102 102 326 1608 1187 0 0 32 56 56 56 56 56
2 66 4 9 352 2 2 2 7 8 6 2011 11 2 9 13 4 12 2 244 4 8 25 26 110 138 2822 2329 98 163 228 3785 4819 13883 555 248 235 2038 304 5644 294 158 83 25 45 129 1359 15 387 149 0 15 179 151 793 744 66 176 11 52 159 147 165 99 66 151 151 165 204 0 2297 64 213 297 20268 1410 304 8151 1102 562 37 76 305 122 183 326 326 326 142 11 0 10 123 10 143 92
1 2 22 2 2 2 9 266 25 5 26 71 31 11 44 1 1 9 2 4 5 3 1 5 181 196 138 110 120 131 261 321 522 326 261 321 41 158 221 331 6947 181 102 4 2 21 27 27 5 96 0 0 1900 529 529 99 783 220 330 161 10 1388 55 415 1392 248 165 99 116 14 176 206 83 297 66 587 264 352 8773 651 12376 651 366 397 198 183 326 326 271 163 61 170 314 0 106 6
2 1 2 30 2 25 9 2 11 6 12 5 27 2 9 9 0 0 9 2 8 3 25 581 850 166 56 83 2289 88 193 424 636 359 228 1876 147 120 241 25 422 125 193 45 30 4 3 38 214 55 6 0 118 151 165 83 207 661 264 264 25 6 25 56 1060 25 186 4750 194 136 137 1140 3899 149 20268 220 705 407 127 136 181 249 4876 760 214 183 326 6645 183 305 299 193 271 326 382 35
2 15 2 4 2 19 2 5 5 10 62 25 16 1 1 2 1 1 2 3 3 0 4 5 166 221 131 69 79 90 245 506 4707 261 138 114 82 45 38 50 192 482 304 15 5 19 40 881 192 149 118 0 124 168 10724 64 666 10979 793 925 149 264 93 165 99 99 81 10 17 142 178 1221 163 66 149 1181 434 127 380 461 706 14524 15423 296 4750 489 570 92 570 299 244 6297 353 244 288 450
14 3 4 51 4 9 2 3 56 7 91 4 1 3 2 0 1 2 2 3 4 223 70 97 196 124 97 83 110 166 7771 248 110 38 55 53 25 25 25 44 1629 321 542 361 131 53 57 38 121 120 6496 31 7 193 110 313 286 431 668 925 1462 207 264 297 99 107 107 14 127 163 244 5869 394 373 10 61 119 338 353 507 122 4387 190 4560 145 122 6839 9363 326 326 338 121 366 92 76 1086
5 4 7 23 2 2 2 3 4 62 4 16 3 12 0 0 9 1 3 2 4 5 31 1965 201 110 14 18 138 203 56 110 79 45 20 23 35 25 31 97 141 241 442 442 278 112 171 139 106 86 168 90 9 1528 55 176 176 15157 705 2511 173 661 93 8 93 1900 50 221 1140 15070 590 434 855 584 122 8 153 102 153 579 1058 1013 366 489 407 489 489 366 651 366 23 434 326 326 3203 244
244 8 6 15 20 2 2 4 3 11 4 1 1 0 12 1 3 5 2 30 4 12 34 21 40 30 10 131 147 181 50 23 5 55 45 53 45 35 10 7 8 124 361 513 240 235 174 226 168 216 109 67 61 11 151 165 529 198 430 485 529 925 661 173 155 96 142 122 163 224 899 855 950 312 143 217 95 127 153 733 14280 977 9445 570 326 299 271 299 9309 163 407 326 326 299 244 271
13 5 61 20 14 2 6 6 8 49 40 1 2 1 5 3 1 2 2 1 2 11 45 40 4 3 20 40 65 248 45 53 4 14 738 1001 9 97 97 55 148 97 209 250 197 216 235 337 288 95 122 140 61 46 4186 207 382 529 132 430 207 165 289 4668 165 193 72 122 183 127 205 15741 639 197 45 458 41 46 1305 33 163 20 41 5 9309 6215 217 489 434 299 299 289 255 6625 244 299
53 8 11 14 3 54 8 17 6 40 3 5 5 3 3 2 1 3 1 4 15 55 30 44 4 31 3 4 113 107 165 3 14 993 45 45 53 68 120 98 104 1691 171 171 278 5088 384 192 109 240 31 122 19 37 119 705 7931 529 529 33 595 661 165 248 4750 178 81 142 3485 14466 23033 624 41 2036 121 106 45 92 54 153 489 1501 326 92 163 42 20 244 434 326 9282 434 434 217 271 326
10 5 61 6 6 9 339 971 19 9 2 1 2 3 2 3 2 2 5 11 60 21 26 20 3 4 4 5 17 169 90 8 6 35 1299 1310 83 12 97 70 86 104 106 2480 384 529 428 428 360 260 149 136 45 41 165 4750 940 661 529 529 297 248 7711 165 127 212 142 714 7880 13093 2863 305 145 140 204 44 102 1476 102 102 326 326 289 199 289 271 380 109 241 380 271 217 380 3148 244 299
30 83 28 14 14 15 15 45 6 19 20 3 1 5 25 2 1 2 30 166 179 60 4 5 20 14 35 38 138 203 79 126 7 4 4 25 38 134 56 69 104 129 257 288 3103 12411 722 556 434 577 162 2220 154 0 199 214 548 783 470 13512 529 198 1842 165 81 380 3935 9900 7873 1758 244 229 356 1177 51 178 326 41 326 102 102 326 326 299 299 299 353 204 217 217 380 6188 326 217 244 299
1310 90 63 100 12 9 6 8 2 1 2 3 15 15 15 3 3 7 16 49 235 70 30 3 35 45 55 98 90 2010 63 21 8 15 20 572 13 90 9 38 148 4918 240 131 187 641 397 432 834 379 224 220 309 0 15 207 184 19916 705 661 529 397 793 102 102 70 221 142 198 950 142 796 137 305 153 69 305 326 289 326 102 326 289 4174 265 326 434 96 2847 193 217 353 6351 241 271 265
69 1436 163 158 12 4 7 25 15 5 15 2 2 15 15 4 20 25 60 2812 635 193 53 45 98 68 83 79 131 169 88 68 20 11 35 15 3 40 48 4 12 17 32 43 61 11 322 402 678 8025 577 516 117 68 45 12 124 159 99 107 573 132 925 326 489 221 51 168 183 137 122 81 109 733 977 896 366 489 289 183 326 326 326 326 289 326 407 366 96 3420 198 265 362 507 241 136
100 196 4666 166 73 61 2 3 1 3 3 1 5 3 7 8 35 20 8 2161 1073 228 138 70 120 83 10 83 110 181 2374 50 14 11 3 21 8 53 67 106 53 32 75 4 38 64 663 1176 2351 1004 1715 884 482 220 7291 4614 0 103 107 6210 661 154 679 760 706 814 103 183 137 122 1756 61 362 651 136 977 733 366 489 570 326 579 163 489 326 326 326 326 489 92 206 326 489 9282 434 458
40 50 50 23 35 25 3 2 2 2 1 2 15 20 14 5 7 61 90 193 248 207 179 70 90 68 82 97 131 136 80 40 20 21 21 48 27 43 96 209 257 83 84 156 364 312 1286 1568 1822 2733 1507 1447 1795 68 6396 4469 82 11 207 367 330 110 868 373 1140 2656 896 80 122 407 92 299 93 434 14004 977 814 122 18 326 489 407 570 326 305 163 163 289 289 2361 204 326 244 489 326 407
161 82 55 20 14 15 5 3 2 5 3 1 3 567 44 14 11 5 179 241 163 201 105 196 78 90 40 45 23 24 73 38 11 27 3 27 22 139 133 1764 312 149 174 384 168 72 201 871 17170 2221 2519 1876 925 2010 366 561 161 965 129 61 231 117 5153 15788 977 229 204 107 76 326 489 271 244 362 597 814 896 733 651 407 326 326 326 407 326 172 275 244 163 163 163 183 507 68 1476 326
110 110 44 11 3 5 1 35 8 8 35 30 3 1010 98 97 53 110 136 63 131 161 124 152 1965 152 128 17 124 23 62 237 9 41 27 57 43 73 144 260 309 342 348 6044 577 253 224 610 703 2090 2626 2144 754 871 1357 0 203 5245 339 17 0 61 6059 254 122 178 380 51 41 326 434 244 217 3148 434 489 760 305 733 570 326 326 326 326 362 434 4885 366 118 434 4342 407 289 271 132 326
179 51 30 5 5 15 23 6 1 1 2 4 4 20 110 301 161 201 196 102 38 56 97 40 281 184 442 248 1474 56 51 428 114 90 20 24 94 209 133 74 300 432 650 12555 794 866 626 748 2412 2412 4220 31745 1519 1953 24801 33 3798 0 13 4614 1282 17 204 178 461 271 244 244 45 271 353 217 60 217 244 407 543 977 896 579 407 102 326 326 326 326 326 326 9282 434 271 98 199 221 366 132
169 1436 9 8 2 1 1 2 3 3 80 3 6 5 3 11 83 110 1965 102 7 65 3 61 228 482 440 359 133 105 158 5579 169 102 30 40 113 2839 192 96 133 174 178 641 722 722 866 7761 2090 2653 4220 2144 4947 16404 15791 2402 1400 1829 1164 18454 12303 24 127 407 271 217 241 217 122 217 271 326 60 217 244 271 543 760 977 733 570 102 326 4722 326 326 4750 353 353 353 326 93 326 458 61 59
147 248 38 30 1 3 2 3 1 3 1 3 25 53 35 20 53 113 59 13 4 35 55 10 196 294 343 271 290 193 28 138 1629 196 166 179 93 97 48 42 24 66 156 168 216 224 353 451 1822 2572 2777 15145 18617 20505 2190 646 212 724 814 1172 1172 482 20 127 244 217 217 217 217 142 45 1959 68 217 244 299 434 597 14167 896 706 489 380 380 380 380 407 407 407 380 326 326 4722 326 407 68
131 196 113 50 5 3 3 2 2 3 30 4 11 14 25 7 5 79 860 28 25 31 35 69 110 131 161 179 147 90 97 97 110 201 163 2806 18 70 75 34 3 2 303 15 48 80 72 181 1393 1302 24453 31636 25778 4941 608 5072 6664 776 543 965 784 713 75 85 41 41 217 217 244 265 326 380 271 217 244 149 326 651 814 977 841 772 482 434 434 434 434 434 434 407 353 326 353 380 119 127
853 59 23 14 13 6 4 2 3 3 79 50 577 35 828 19 50 201 136 110 31 53 68 53 68 114 161 161 114 31 35 65 79 98 110 110 51 9 34 15 24 2 13 8 3 28 253 112 1045 1393 27132 27682 13328 4443 1172 6737 4557 488 536 482 482 482 993 0 61 217 217 217 244 299 289 299 253 2847 271 299 326 489 651 896 1140 977 868 543 434 434 434 461 7816 547 481 380 407 6297 434 434
66 1583 59 136 302 16 4 17 8 26 38 141 56 69 20 23 409 113 1954 40 38 10 80 45 65 2349 161 69 10 27 1981 76 69 25 3 14 25 7 32 17 30 9 96 72 84 20 265 278 451 1829 5117 549 1025 724 724 586 586 670 536 536 482 482 362 0 326 244 271 244 244 299 289 102 489 326 289 183 326 289 158 221 1113 1303 868 3679 543 556 556 519 611 7905 468 505 434 434 434 760
69 134 51 92 2016 205 1949 109 51 23 35 25 35 5 3 12 88 70 93 9 25 3 3 25 20 97 68 2437 70 15 129 171 28 40 40 131 70 8 67 13 61 11 3 6 3 112 140 383 591 14111 722 1266 724 663 663 724 603 422 362 362 422 6994 823 0 113 244 271 244 271 41 326 326 489 102 102 326 326 326 353 706 868 1276 1466 1303 1153 1120 679 679 679 645 611 427 244 11194 338 772
