data/.svn/text-base/FSLandScanAscii.txt.svn-base
NCOLS 146
NROWS 92
XLLCORNER 112.6560
YLLCORNER 22.49559
CELLSIZE 0.008333333
NODATA_VALUE -9999
[rows 0 to 42 of 92, columns 0 to 95 of 146]
77 195 307 5692 2282 112 112 158 178 396 312 3420 317 415 148 6172 396 237 475 356 336 803 3 1119 58 2219 17 136 16 117 136 156 214 195 175 120 88 78 78 78 117 195 234 263 197 86 120 154 168 2440 49 45 479 719 206 479 539 607 303 84 56 84 95 20 44 168 252 379 210 463 679 661 6564 533 421 561 1346 505 393 337 349 109 87 6431 328 95 16 25 16 31 56 62 51 51 71 100
335 279 140 167 140 112 39 56 89 89 198 534 290 615 593 475 475 312 300 337 20 22 68 58 7 7 63 3349 197 175 123 195 3387 195 2258 62 1248 44 44 77 88 136 219 263 219 175 110 168 168 281 98 98 479 5004 262 270 135 1621 539 7776 185 152 270 35 171 295 4881 421 2600 405 530 1290 673 9761 598 17862 698 399 449 4578 87 61 68 505 295 13 7 13 22 47 84 100 41 41 50 1421
112 112 63 86 167 63 31 31 45 41 114 2295 229 6348 1009 590 593 593 287 17 12 44 2258 87 11 7 10 175 175 204 234 234 234 219 131 37 43 25 39 58 55 63 82 241 263 175 34 168 210 337 299 231 42 11731 455 8647 809 809 674 539 539 202 152 135 84 189 187 161 827 533 9705 898 623 505 617 1388 533 349 199 50 168 257 214 835 1898 47 47 28 126 213 59 17 33 1246 56 11
63 98 63 1366 78 63 47 1269 114 48 73 119 89 237 396 18557 1068 371 14050 9 60 136 117 97 10 6 63 78 117 175 219 123 241 241 131 55 43 37 58 32 910 55 131 197 296 195 38 197 337 189 252 11731 809 809 809 7956 607 809 809 539 7753 472 135 354 505 561 826 826 701 1045 732 935 1496 623 14348 936 533 477 274 175 214 156 1134 288 94 5 30 12 43 11 30 39 189 131 12 60
55 55 63 94 86 63 47 78 119 119 99 79 45 104 218 277 317 356 211 0 1633 156 67 12 13 16 12 1694 20 145 230 146 164 230 120 62 43 88 66 77 1139 66 120 2562 243 219 186 131 329 11731 253 211 809 809 539 539 539 607 809 719 183 405 539 202 11799 491 631 748 686 859 592 818 2045 2045 1389 1268 799 511 196 365 408 243 5083 128 109 30 70 47 47 23 168 75 4088 168 47 47
47 31 63 816 84 51 47 55 2 24 1604 112 56 12 79 119 277 237 70 106 467 44 120 17 11 27 234 263 129 129 164 129 3745 183 74 77 66 646 44 66 131 88 110 197 2562 175 230 339 809 674 253 742 809 809 809 674 607 674 742 787 652 472 472 42 95 393 449 673 9395 1027 561 596 1753 13289 754 659 957 437 437 262 175 707 228 196 131 82 59 126 5 24 210 168 147 131 13 98
55 56 47 112 102 48 1618 39 31 31 31 44 84 14 99 2720 141 159 0 150 458 427 3368 190 95 24 47 372 211 148 136 204 190 234 142 117 66 55 112 135 320 270 360 175 197 360 749 809 539 539 7956 607 584 619 854 13085 944 944 15507 11866 876 629 517 2416 137 39 273 205 1104 16045 701 596 1578 1578 596 631 489 1629 162 421 1247 436 374 224 109 337 295 2419 42 28 20 230 77 147 35 131
1618 84 895 112 121 1179 81 84 23 31 31 31 55 28 55 32 44 88 0 42 19 356 475 234 175 206 46 6775 350 99 82 234 8235 274 175 197 427 247 114 180 119 225 275 405 494 629 742 315 539 539 809 438 517 607 719 719 799 799 999 1079 8487 8412 211 427 56 74 316 351 649 1122 623 662 1578 789 631 10940 412 94 218 2299 1496 714 343 148 106 5785 421 349 283 70 12 17 110 56 131 16
84 31 39 63 124 121 81 60 31 31 31 39 55 895 77 44 44 38 0 2697 197 221 584 3387 127 206 40 467 350 350 372 394 526 274 175 270 420 360 211 52 6892 139 177 169 539 11664 562 270 337 390 329 599 270 59 7731 337 10248 629 799 899 1079 8301 629 105 195 400 56 4639 947 701 631 22389 4608 877 877 409 120 166 94 123 1683 1425 157 125 235 1669 14513 686 763 437 140 273 972 374 337 505
70 98 56 99 124 121 56 74 98 1604 98 910 31 39 11 21 77 44 0 107 68 427 438 234 111 190 190 467 311 7490 876 646 535 285 300 240 1750 152 225 180 400 400 494 607 253 697 449 380 60 120 360 809 270 58 149 519 360 719 719 1079 989 674 539 63 1154 218 56 210 966 964 8065 46515 46515 15702 857 526 111 148 156 1075 35900 1928 481 857 842 729 98 94 89 187 6949 202 295 187 13262 91
27 1572 70 99 2428 153 49 46 56 56 56 47 471 28 15 1259 55 22 0 27 190 2101 4200 234 190 187 389 467 427 750 569 350 329 252 360 341 3596 270 100 292 400 499 809 253 8023 400 41 360 183 472 190 876 13604 216 220 270 360 519 549 1079 10518 629 197 360 112 315 243 5236 824 999 14977 46083 46083 23042 1948 327 117 351 256 20737 33180 3648 1964 1403 736 754 262 134 133 295 499 251 386 266 217 175
0 0 0 0 0 0 0 0 3 0 0 0 0 0 0 3 14 1110 4 2 135 4181 7101 493 350 372 1522 1781 834 756 350 329 208 236 360 240 270 300 360 6952 599 17080 674 674 539 494 494 479 420 7821 479 455 944 337 479 559 360 360 10518 439 519 169 6832 27 30 120 365 158 789 999 8257 55300 58526 29224 1240 403 96 266 4107 36552 44676 4096 22999 16801 888 999 795 514 514 711 651 598 365 399 291 405
31 84 1604 1618 112 16 18 14 4 0 3 3 695 28 23 0 137 10 6 7 49 1090 140 204 204 21823 20515 33391 7787 6230 548 3436 263 330 390 405 195 539 539 479 599 959 7821 303 539 607 1079 607 472 337 265 607 944 719 10428 596 590 281 1180 275 206 203 126 62 98 182 7184 4363 929 2535 14593 30530 20968 2535 608 205 450 307 10753 58986 23656 26450 25346 25778 2189 666 631 561 623 842 7948 617 449 399 324 355
84 84 56 98 7 56 56 98 1591 84 30 33 16 1 38 928 0 0 397 10 2781 49 39 44 0 538 4631 3053 1538 329 205 756 1191 919 539 439 5648 539 719 1214 674 17260 674 472 240 619 828 659 607 539 427 7032 854 879 1042 740 674 12726 112 197 588 449 243 478 599 8100 403 156 1613 16283 31797 22120 44816 7841 4593 2212 1843 26882 66360 30415 19549 20737 22529 24578 13777 596 530 421 1382 1639 799 319 291 312 212 206
47 56 56 98 9 7 31 1591 34 2 9 9 9 9 3 2020 1 0 6 73 36 142 134 1811 21 18 459 1897 146 148 241 2650 373 412 1236 1281 944 607 1348 1199 839 683 607 472 240 400 494 19552 6068 584 371 719 899 1079 1180 568 787 506 125 281 574 13007 8597 824 618 927 197 351 1008 22914 24578 22120 49667 11018 28664 24885 33262 58641 28330 33318 38307 13057 24578 13201 10921 481 530 956 6445 15392 1799 505 474 449 344 568
27 31 7 31 55 56 98 62 12 1 1 9 3 18 104 316 7 0 175 186 33 22 3300 19 21 16 33 348 3701 1905 11 80 146 405 6912 539 1618 1461 839 1199 23732 1199 839 674 90 164 974 1079 337 1326 719 719 719 590 1350 11586 674 506 562 262 474 562 527 12009 534 13035 158 5760 18945 20353 21227 33986 51205 24332 43975 44228 53652 60830 85163 72996 2343 2304 30530 40963 24578 1543 666 1536 13272 18249 2035 575 771 588 588 894
1426 56 56 7 70 98 60 1 1 18 18 0 18 39 230 517 15 3 59 161 6297 23 12 156 13 147 178 263 219 73 180 150 0 10 106 479 539 7731 449 270 479 719 1199 1888 1348 974 122 337 607 1730 11265 562 1798 1770 1124 13035 899 843 787 548 702 485 7796 281 2092 1108 1400 10177 6144 41715 53917 69920 70784 66360 66360 53341 72996 64885 60830 59309 23787 3533 37293 43420 28307 1536 39619 2535 1306 804 612 757 799 711 799 842
2 4 33 33 27 1159 24 0 0 0 18 24 918 259 230 373 11 1124 204 27 214 175 115 80 150 245 253 2541 153 150 169 315 1739 172 0 47 202 40 439 479 536 719 539 7012 303 479 479 539 519 674 719 809 15911 3186 20451 1573 899 899 899 899 13147 955 1011 2092 16278 25303 6213 10241 9178 25778 22581 60795 51429 60830 24332 19558 26678 25346 22304 16605 12769 5216 1720 20932 16590 43826 16820 39816 36667 2293 1039 8394 692 1060 1000 561
0 7 7 3 5 3 4 4 7 3 10 204 173 202 230 333 172 49 58 2584 350 175 186 79 2833 197 156 136 315 360 210 360 180 315 640 5 195 341 597 82 659 8326 479 405 303 337 270 420 315 539 10338 674 809 1524 2697 3146 2996 19889 2247 2497 3496 20339 2247 25325 53169 16590 31797 44240 1382 6912 29032 37198 12563 58986 13825 3754 384 1707 2923 171 114 316 255 41 3277 3687 1697 4977 3026 1087 6925 2217 7203 2441 4025 6385
0 29 7 34 2 0 2 8 4 104 179 173 230 129 140 5877 143 0 55 195 285 350 2891 117 88 97 87 179 315 539 11347 320 202 225 105 37 130 479 487 584 219 479 405 7753 472 360 270 2873 479 150 539 655 999 19215 2247 1124 1461 2247 1124 1124 13147 2124 3186 2991 985 1167 5991 28034 44211 21953 7409 58986 24885 47706 44259 31106 1365 16214 20545 10785 6244 1439 546 117 1502 1536 3094 2027 1169 136 897 15982 19178 15279 16781 10488
3 3 5 3 4 0 4 45 179 173 116 86 129 179 202 230 272 0 11 197 6308 197 131 78 55 39 81 180 2787 809 449 202 225 270 405 539 105 301 809 539 479 300 270 472 270 517 211 211 337 639 719 562 14483 2247 1686 899 13035 899 899 652 629 5534 16311 14498 372 115 449 13671 18894 32258 36129 31336 41475 30415 35202 36866 21025 24885 24885 21152 21152 18802 15090 561 474 260 1590 877 12710 493 49 52 1355 760 1748 2903
3 2 4 3 0 0 32 179 3306 173 143 143 179 287 345 403 287 15 0 39 2037 120 88 55 44 49 2337 320 400 719 202 405 60 270 270 7686 397 15 10248 539 300 240 135 472 240 5102 292 329 180 719 876 28696 1067 20535 13035 899 787 14233 999 1016 337 7954 13592 14272 127 224 224 3802 12024 6928 45507 5653 54071 34409 21928 21198 15395 14939 4270 553 829 10369 5108 561 221 337 337 337 210 219 7283 1032 1033 29 2 42
5 4 13 4 5 124 2939 116 116 116 173 36 202 259 546 8135 3335 57 9 2 127 127 44 24 24 130 120 195 320 379 228 278 126 240 270 405 169 29 84 337 6832 206 240 405 270 315 320 559 629 764 1132 1798 1377 2416 1124 787 787 449 449 449 281 212 680 850 6452 337 436 140 538 14610 30209 8674 19908 44409 23246 16590 4608 499 362 252 252 553 405 288 421 213 114 9 -9999 3273 200 2062 2063 176 -9999 -9999
3 65 173 179 3335 143 116 116 173 230 230 230 230 186 409 259 230 116 18 17 99 175 110 88 40 120 200 280 67 921 1011 341 539 202 6772 152 405 42 203 270 243 341 243 3656 202 380 494 639 719 7971 2247 2472 29581 3527 19468 758 488 506 506 478 365 281 3776 382 224 126 84 84 263 25300 16385 13748 1536 12972 36866 44240 19969 982 425 351 196 252 449 4979 489 26 2221 39 16 137 168 203 78 29 26 213
230 230 202 202 173 122 116 202 230 259 7308 281 333 517 259 230 97 123 206 0 175 3154 31 77 33 97 160 9 320 325 11799 1079 539 270 472 135 405 337 11 1745 86 210 390 479 539 204 764 899 799 3658 19440 1180 2388 3287 1545 1003 4525 2920 562 674 730 12810 562 566 252 192 172 175 4474 12097 12750 9063 3068 13 3687 8727 18249 684 3419 3822 624 224 281 262 460 58 12 168 1655 154 537 131 137 56 70 1504
1945 281 259 259 230 230 230 230 373 460 333 256 143 259 230 143 3306 116 173 0 82 175 34 88 77 162 43 80 2437 360 487 569 449 337 5191 337 1643 119 161 15 96 84 270 674 1079 1326 25642 1438 1861 1437 1348 1517 1686 28050 2247 6368 11865 8173 1084 1124 1124 899 999 899 447 400 258 7349 15596 1290 182 2148 964 103 0 46 187 42 491 0 4 9 199 196 26 26 262 252 295 210 6779 33 701 26 38 84
287 316 7282 460 460 345 287 160 143 461 37 9 153 47 127 116 143 202 202 5 4 175 263 131 77 135 130 227 110 280 459 819 140 84 270 73 315 225 337 20 135 390 539 6005 876 652 674 719 1042 26665 1874 4829 1626 1690 23818 23557 9803 1549 11048 9766 2683 32099 2242 590 393 225 499 125 224 178 122 37 53 168 210 58 32 305 1539 442 449 150 18 0 28 168 4226 168 168 337 263 112 284 505 365 6582
230 230 230 287 287 517 517 270 29 52 5 4 65 65 45 60 173 54 1034 86 0 36 6264 175 941 78 157 84 2652 280 320 11227 360 315 5214 160 126 177 292 37 97 131 120 479 539 517 427 10338 607 699 6864 8992 5296 10775 40565 40565 11832 11705 22659 11707 829 1042 1348 2157 1348 7130 4916 1292 371 258 79 168 150 168 182 389 479 30 32 273 295 224 39 16 23 13 12 26 187 3597 32 6470 351 281 365 287
173 202 173 173 230 3335 72 5 8 32 18 3 91 202 62 903 143 1224 179 25 3 5 75 219 55 55 2652 270 280 200 320 3831 449 270 225 5236 405 164 247 20 84 2155 337 270 67 280 327 10747 920 467 1690 5296 1268 17606 42931 52059 8958 0 1014 705 893 197 719 899 21474 23597 225 360 6235 240 7596 247 168 150 168 162 421 210 656 295 178 58 100 100 87 422 208 23 21 18 95 421 309 224 196 224
173 1275 166 202 1245 29 29 12 41 32 3 18 8 202 24 116 116 116 80 135 26 0 67 134 77 58 135 180 240 70 112 315 405 247 3910 67 270 270 270 1888 84 195 7753 91 315 82 350 561 613 584 993 2497 3504 2817 14057 16902 12789 16018 467 197 360 105 2376 62 169 7169 8859 67 562 270 247 139 19 168 168 168 114 197 1820 175 158 449 6508 499 300 2816 299 421 2288 252 421 299 295 4811 238 187
11 2 94 143 11 11 11 5 4 4 10 5 139 57 45 116 116 173 259 14 5 0 30 20 22 99 112 49 5169 270 202 70 105 315 270 152 270 270 270 3 51 55 59 63 374 374 20 561 619 9077 19979 69849 12255 2352 1014 908 563 204 117 105 3955 70 270 449 197 1303 1918 1348 629 337 300 61 53 168 252 224 61 575 673 598 9761 617 126 673 425 365 411 449 505 421 299 299 337 168 295 337
12 6 16 479 3 11 9 16 4 9 25 3 25 3 103 88 34 23 8 12 1118 5 8 3116 219 131 180 162 200 270 180 225 152 4323 270 63 270 270 51 60 260 56 49 60 332 62 187 93 125 377 33687 47663 20069 1550 234 482 88 117 70 98 75 51 270 240 184 357 146 1573 652 668 705 289 79 3525 182 122 240 486 527 399 499 499 399 281 257 61 291 491 524 379 295 168 2698 262 299 421
56 3 9 3 25 5 15 138 10 6 3 18 18 40 127 161 25 3 10 16 350 2565 3 6 394 353 6790 153 88 360 280 247 169 472 270 375 574 111 350 87 375 67 67 67 374 70 350 1993 123 208 9505 31287 9455 4619 392 140 161 146 130 139 2381 67 51 270 270 472 1057 22868 1322 1057 207 179 196 182 252 295 223 474 798 324 449 243 393 5785 399 5785 399 374 358 374 224 4264 224 213 273 12160
57 47 173 145 124 202 173 113 1117 5 3 103 65 77 100 83 12 16 305 126 252 140 156 14 18 285 263 175 30 1601 315 292 152 375 449 325 11362 101 202 3527 90 101 400 449 539 10653 491 101 66 123 263 1121 588 25086 10243 7431 95 53 49 53 70 53 280 99 793 8063 1057 1322 1410 1234 1057 661 661 182 168 168 252 365 4862 549 5260 365 240 344 203 203 449 598 14250 435 249 233 189 3629 324 870
54 202 3335 153 65 15 10 15 70 5 841 49 93 93 23 2 98 125 112 224 182 100 31 15 0 14 195 153 99 220 315 5259 7753 300 524 80 75 175 643 24 270 67 639 225 169 93 110 76 901 1190 1410 496 449 5888 314 54 12 19 491 79 66 762 793 925 793 289 925 1146 620 1762 441 881 661 196 182 168 210 337 575 7784 954 476 524 385 449 449 415 898 561 424 287 133 393 399 374 14137
116 179 160 127 179 97 86 33 11 6 1 2 76 9 3 55 56 100 182 4036 100 100 4 3 632 0 18 186 2258 360 270 315 472 300 94 10226 103 6093 539 4420 300 1938 1905 449 380 49 45 1270 99 573 215 551 5111 441 367 901 289 62 165 165 793 793 289 14937 595 925 20048 1322 606 661 1586 1410 1234 224 196 168 168 55 105 140 1156 699 1546 405 405 499 997 997 631 8107 212 243 196 299 421 349
173 2913 57 13 57 18 40 67 5 18 1 12 9 1 4 75 84 1626 262 336 168 481 149 31 168 0 3 47 197 240 270 240 8540 140 405 549 1475 94 360 184 36 114 315 315 3933 270 733 51 529 529 1018 465 620 606 1234 837 573 248 110 155 397 529 529 6246 496 881 1013 1234 20444 364 5750 364 20444 224 295 4839 224 182 152 197 95 274 399 8766 561 557 18113 499 499 561 449 399 519 6494 324 168
124 57 103 116 13 57 25 45 56 4 264 2 9 16 5 69 126 187 406 252 2890 224 121 112 84 0 2 3 1511 75 270 337 472 270 4345 61 70 699 378 2418 678 42 63 51 51 51 51 51 270 99 1057 1586 1718 1851 1454 330 1057 822 705 661 793 397 397 793 573 661 1234 198 441 1762 30667 539 392 441 17624 168 103 103 11 84 299 5785 470 698 1611 1636 623 761 533 533 15848 898 898 757 486 4600
2913 47 57 47 8 5 3 90 3 3 2 16 14 19 22 84 126 252 561 252 196 246 13 126 36 0 105 0 7 67 337 472 300 300 270 300 292 231 21631 37680 1097 29 485 270 270 51 51 51 529 529 1057 1322 1586 1454 1586 1586 1322 969 925 207 529 529 529 573 661 705 231 1410 496 364 330 1410 1057 386 13551 529 470 4 8 187 351 249 399 9630 11117 14768 1455 6896 553 14299 1010 561 449 379 673 547
103 47 104 161 3 5 17 3 5 2 3 19 69 126 126 140 1654 3550 105 196 4765 182 140 19 234 23 56 967 0 53 126 94 94 94 84 84 420 252 544 1087 430 88 34 1081 337 51 51 270 529 529 1057 1410 1454 1057 1322 1322 1454 1322 1190 1057 116 793 297 347 397 386 1410 1939 1939 2115 969 955 573 705 822 470 529 15069 98 252 196 6452 399 17459 15468 19576 1611 826 631 729 505 421 281 309 3310 281
2888 173 34 25 45 32 5 3 25 148 7 162 224 4008 249 187 199 249 112 168 234 294 168 168 53 55 62 392 4260 4 2444 88 126 337 360 382 157 8 12 6 300 152 3776 20 32 101 150 1105 165 587 940 1586 413 925 793 940 1057 22868 1454 1454 1190 15333 1057 220 358 20444 1102 1652 24619 441 441 3332 573 529 15201 793 529 168 65 150 249 374 648 1450 9103 2689 423 505 273 112 312 2510 168 154 126 112
103 27 11 13 32 3 2 39 63 238 224 168 156 100 100 1626 112 112 125 109 156 4793 210 168 58 413 155 252 7225 21 78 8590 300 524 292 270 60 45 8 45 360 270 615 67 27 12 16 5 173 330 1057 1586 1322 793 529 661 1057 969 1057 1454 1586 1586 1190 330 386 496 1432 1983 1102 441 220 1057 837 179 83 925 150 168 84 152 324 491 549 449 393 351 252 196 182 168 95 42 168 168 154 125
32 45 6 6 42 13 49 459 210 182 81 81 98 1598 112 171 156 187 125 44 154 149 166 95 182 218 147 2486 168 6502 0 72 449 84 52 247 5304 67 213 380 44 247 427 270 51 51 51 51 22 4819 289 454 1057 149 289 248 289 1057 1057 1057 1190 1454 198 1190 4902 2115 617 33981 606 275 330 220 386 661 165 295 47 150 28 126 407 2569 486 337 210 168 168 168 168 168 95 11 42 1227 55 66
