data/.svn/text-base/HKLandScanAscii.txt.svn-base
NCOLS 116
NROWS 118
XLLCORNER 113.3630
YLLCORNER 22.23923
CELLSIZE 0.008333333
NODATA_VALUE -9999
[rows 0 to 39 of 118, columns 0 to 89 of 116]
30 70 47 47 23 168 75 4088 168 47 47 14 21 6 169 179 13 15 171 47 1072 59 47 7 10 8 30 176 376 259 53 18 7 75 212 127 188 219 97 75 178 219 251 298 306 376 57 511 141 317 18 125 45 85 204 376 215 71 176 278 329 188 78 19 19 79 51 374 13 10 7 3 3 12 136 78 6 74 32 40 204 184 306 230 204 170 96 170 50 147
82 59 126 5 24 210 168 147 131 13 98 1356 206 243 436 243 75 94 3640 189 63 56 71 306 3749 282 165 2468 611 26 54 6 12 41 115 5360 293 176 282 229 2929 212 141 353 470 529 247 0 176 251 194 212 119 345 280 11338 141 40 171 251 439 178 59 125 57 40 94 8858 352 227 113 83 70 102 227 215 227 113 92 129 204 221 4440 227 272 238 134 250 2654 281
337 295 2419 42 28 20 230 77 147 35 131 154 231 421 385 299 299 337 411 365 365 470 420 564 291 344 165 264 485 376 49 4 6 10 20 259 501 564 486 215 251 85 71 229 334 582 6570 423 423 388 388 423 423 388 345 212 4126 247 282 388 6241 282 17 1849 77 68 128 102 115 204 230 5078 255 242 191 255 179 5117 255 136 129 164 272 153 250 147 115 221 187 306
5785 421 349 283 70 12 17 110 56 131 16 4640 456 6431 231 214 189 12 12 12 2033 323 517 291 388 388 185 382 705 4431 127 29 56 59 212 306 141 215 758 658 172 251 26 150 313 317 392 441 9097 423 345 582 517 470 376 159 353 194 6030 423 280 353 141 128 102 102 128 102 115 2297 128 102 102 1480 102 102 102 115 191 293 1779 191 268 272 250 204 227 306 255 147
1669 14513 686 763 437 140 273 972 374 337 505 20 28 189 4474 374 32 9 14 75 165 94 259 376 376 564 517 846 611 423 345 194 151 192 344 345 353 108 344 776 313 251 313 264 172 333 353 388 476 529 441 635 420 4249 3041 282 247 335 353 353 476 353 123 2909 153 153 543 102 204 166 102 77 51 89 51 64 89 89 102 128 179 153 78 83 204 89 164 306 255 227
729 98 94 89 187 6949 202 295 187 13262 91 223 32 168 231 4474 168 231 1137 117 131 144 59 188 423 476 635 658 81 382 564 8134 635 635 476 306 132 47 376 433 705 8886 280 306 153 212 3121 238 313 529 517 564 529 388 247 194 212 317 317 423 388 53 159 115 77 77 115 153 306 191 153 128 128 115 64 102 766 89 102 128 159 136 153 102 40 78 115 3947 4440 272
754 262 134 133 295 499 251 386 266 217 175 55 140 486 360 524 547 395 334 231 94 65 23 62 117 3050 344 458 458 8181 470 423 470 476 423 423 306 306 376 476 846 652 674 423 423 423 264 317 5422 441 635 564 529 317 119 335 353 360 423 353 4090 317 317 89 51 51 115 204 459 255 255 255 255 217 102 140 128 102 115 3649 147 128 153 140 128 153 191 217 204 255
999 795 514 514 711 651 598 365 399 291 405 7206 474 415 352 561 6620 4860 316 142 115 37 13 73 14 9 423 458 470 376 376 212 4431 423 423 6135 635 564 564 564 9309 564 740 688 15127 476 370 370 264 423 423 6744 238 198 423 212 517 6241 431 317 300 194 212 115 89 102 204 345 447 383 6584 383 6622 383 242 204 153 128 102 102 91 102 128 153 2220 140 128 128 179 230
666 631 561 623 842 7948 617 449 399 324 355 526 405 367 449 405 598 405 337 474 11 33 8 82 53 113 302 484 12112 494 353 370 439 458 529 635 646 588 588 588 588 16632 264 846 529 470 470 44 235 119 159 317 353 353 529 635 635 490 392 335 212 212 317 217 140 230 306 3981 421 383 345 306 306 421 383 357 255 268 193 38 38 6 153 140 102 102 778 68 79 109
596 530 421 1382 1639 799 319 291 312 212 206 468 386 430 281 549 6676 399 224 598 5785 116 59 104 117 73 345 564 752 564 494 564 564 740 9203 588 470 411 353 484 143 118 509 137 549 372 264 6700 119 255 274 247 274 411 549 607 547 494 333 255 235 6083 191 191 4849 191 306 421 57 383 306 268 268 383 459 459 459 459 383 4440 77 230 191 128 89 29 51 51 51 2586
481 530 956 6445 15392 1799 505 474 449 344 568 7293 633 10940 671 696 449 449 505 9761 499 324 125 302 10 10 259 388 846 599 599 635 10908 8269 494 458 317 229 255 39 1884 470 5025 18 20 274 294 220 132 274 282 282 282 361 564 494 423 49 313 294 353 268 166 170 170 170 298 306 421 459 421 306 306 306 306 345 383 383 319 255 306 345 4440 77 77 77 77 77 77 128
1543 666 1536 13272 18249 2035 575 771 588 588 894 947 13680 760 131 94 399 349 449 549 673 449 393 494 259 78 176 564 690 1463 599 776 846 564 564 151 212 46 62 53 72 35 19 50 88 323 118 132 132 274 313 313 8933 470 313 313 176 282 282 204 306 227 198 153 170 170 170 302 332 345 510 468 340 306 268 268 4440 306 281 255 255 293 68 128 57 57 128 128 128 128
1536 39619 2535 1306 804 612 757 799 711 799 842 736 557 722 126 116 206 171 135 505 673 622 477 635 219 94 423 564 635 1693 846 329 564 564 494 191 307 13 156 59 5 80 92 353 1313 974 734 541 155 230 155 39 155 232 527 176 454 353 902 329 6522 227 198 181 181 170 153 170 4891 340 425 468 425 345 306 281 312 383 306 498 10833 255 136 115 181 3662 230 108 153 153
43826 16820 39816 36667 2293 1039 8394 692 1060 1000 561 596 859 894 385 223 162 349 196 449 733 867 7812 1975 862 431 627 627 11096 1693 153 157 78 63 104 13 15 78 46 31 247 15961 835 835 3690 4863 1082 17773 927 8964 618 338 695 1116 921 398 170 758 17899 17133 181 204 198 170 170 170 32 170 255 340 7358 590 590 6622 383 421 468 6661 459 536 421 306 255 345 227 217 227 293 268 230
3687 1697 4977 3026 1087 6925 2217 7203 2441 4025 6385 1665 888 623 474 288 349 3943 2487 65 478 842 18233 705 1005 797 1034 1128 1160 9927 11340 359 404 261 1195 11 261 835 15717 618 1082 773 174 556 174 556 974 556 927 773 927 966 1347 1871 41076 439 232 104837 65530 16383 1782 348 336 12 223 85 85 33 43 0 131 5912 22 21 367 383 425 383 383 421 459 383 345 434 498 408 510 408 36 140
1536 3094 2027 1169 136 897 15982 19178 15279 16781 10488 13834 12297 1199 261 113 106 167 349 365 474 16231 683 564 494 423 529 8111 26 39 39 36 50 22 127 974 13446 773 1043 974 773 556 591 626 591 556 15996 556 15857 927 835 556 1043 591 773 5602 1319 1294 3185 1214 22 78 83 337 435 1043 927 456 580 695 217 1855 927 191 93 85 340 255 268 306 421 459 383 96 96 7337 345 281 191 153
260 1590 877 12710 493 49 52 1355 760 1748 2903 6393 7591 13496 19178 1465 1876 407 333 273 1496 1342 252 238 292 335 423 183 147 730 626 11997 209 1252 1460 398 835 904 1043 904 522 556 896 973 913 556 835 556 556 556 1113 556 17317 278 371 261 417 1669 1669 1252 974 974 765 904 1148 1252 1148 939 835 835 12310 1669 835 12101 348 103 64 170 4326 393 5605 118 115 357 281 134 182 258 357 362
337 337 337 210 219 7283 1032 1033 29 2 42 104 52 1598 10469 13984 12119 7147 8657 4052 910 602 182 139 35 0 116 556 626 417 417 52 17 104 23511 270 1460 489 287 591 1123 556 556 806 913 626 557 626 626 626 1043 278 278 261 935 1484 1460 348 21420 1360 1182 14218 495 730 835 17839 1391 1391 1159 1275 1460 1356 1043 1043 927 522 96 11 85 21 134 459 18047 2086 1565 1198 365 435 5421 332
213 114 9 -9999 3273 200 2062 2063 176 -9999 -9999 -9999 42 52 468 516 6954 5644 6293 2060 573 224 25 11788 835 15752 522 371 6051 417 417 52 17 170 65 139 1252 23924 1669 1391 1847 835 904 1266 661 739 1174 24472 739 522 313 386 1205 835 1130 12379 904 835 1113 1484 1460 835 835 522 522 835 835 1148 12414 1252 20168 1148 18047 1252 1148 835 904 927 121 574 1356 835 835 1669 1275 1495 1600 435 1321 362
26 2221 39 16 137 168 203 78 29 26 213 47 6 -9999 24 44 484 916 749 1508 1466 935 904 487 433 452 649 522 417 417 104 104 417 39 104 904 1182 1391 1669 1669 1391 1495 1321 1391 913 826 869 1352 251 309 12116 313 1105 904 703 742 730 104 974 626 1565 23680 939 835 417 417 730 104 835 835 1148 1252 835 1148 1252 1148 1043 12518 1655 16320 804 649 603 21548 1356 835 1356 12982 1878 408
58 12 168 1655 154 537 131 137 56 70 1504 42 47 47 6 -9999 53 365 1140 1736 810 13 143 417 371 417 417 12101 235 104 417 417 417 104 117 1252 1356 1565 24202 1669 1669 46496 2086 1652 1468 5785 4881 1446 1468 1193 1431 1704 1051 974 661 452 556 235 452 209 678 1356 1148 417 352 301 730 352 522 730 1043 18152 835 835 1043 1020 18152 1252 1148 1252 939 835 888 46 1669 678 927 835 7172 1669
26 262 252 295 210 6779 33 701 26 38 84 379 295 50 176 219 -9999 28 1162 2129 72 12460 452 417 417 371 730 626 93 417 371 417 417 835 20052 1217 1182 1043 989 989 1113 974 1913 2347 9762 57580 78099 78099 36609 2347 1700 1321 927 495 464 313 6689 417 10571 742 835 1148 701 742 626 626 10664 261 464 626 1043 1356 1113 835 12240 904 1043 835 939 1252 16135 939 417 209 1484 1043 678 456 606 1565
168 4226 168 168 337 263 112 284 505 365 6582 463 337 142 592 241 1052 -9999 49 81 1304 417 235 191 1384 1261 1487 417 93 371 417 464 730 742 1008 510 695 1847 1252 1113 1113 16204 1468 1869 14747 95454 117148 117148 62642 1956 1321 1182 835 835 450 509 626 371 556 464 835 9076 626 835 522 730 522 587 487 730 974 1565 23924 974 835 904 587 626 835 835 1020 1332 742 979 30148 1078 865 591 1857 695
13 12 26 187 3597 32 6470 351 281 365 287 283 463 281 112 584 789 99 -9999 81 522 417 235 348 247 70 452 311 104 6051 417 10478 371 464 91 452 495 1113 39502 232 1113 974 2644 5207 41352 98600 97624 76146 7231 1970 21698 989 1236 1391 1391 548 365 695 510 127 804 1298 861 52 12066 464 452 904 695 989 765 1484 989 522 556 15996 487 371 730 835 1148 1252 804 1947 1426 1113 1113 680 804 1669
422 208 23 21 18 95 421 309 224 196 224 323 463 309 118 87 263 351 -9999 -9999 209 348 196 176 235 196 156 5 120 417 417 235 346 93 433 15857 974 1113 1978 1669 1113 40632 201 2603 55826 70484 4230 4628 1005 1043 792 1530 1669 1484 1391 14342 587 904 974 974 927 1252 24202 1252 365 417 452 587 1113 1113 1669 2504 1808 1113 1113 974 904 487 12240 1252 1113 1148 904 1634 2133 1607 1978 2225 1824 2052
2816 299 421 2288 252 421 299 295 4811 238 187 154 463 421 142 95 1403 1403 -9999 -9999 13 59 313 156 274 176 246 0 348 417 130 73 1394 33 33 417 556 1113 1391 40059 216 742 711 1391 112594 7810 1391 753 804 213 313 587 6885 548 567 704 18152 704 12310 1217 695 782 939 1252 70 487 274 587 904 17479 1360 21389 1356 2086 1391 1252 989 556 989 1321 18047 835 835 904 1051 1391 1236 261 17153 927
365 411 449 505 421 299 299 337 168 295 337 379 7321 379 252 2674 986 263 18 -9999 -9999 65 348 176 254 258 435 27 348 626 8763 333 98 417 443 522 556 835 406 927 1236 974 1182 1391 1066 695 1252 386 253 155 216 189 649 293 835 742 939 528 1043 1252 9232 1484 1669 1391 974 139 556 7789 1391 1669 626 278 1391 1017 39780 2225 989 974 974 1043 974 8346 487 626 765 765 765 680 695 835
61 291 491 524 379 295 168 2698 262 299 421 4965 589 337 210 118 142 263 66 -9999 -9999 22 76 137 6553 217 48 435 713 357 323 652 109 44 163 6144 5705 85 78 835 1113 1113 1391 1669 478 185 904 522 477 5977 145 226 100 649 209 298 626 591 469 742 989 1669 21513 1530 989 495 139 865 1252 21760 1391 1113 209 1113 1260 2473 2234 1401 6568 591 556 495 495 522 556 6051 371 371 417 522
5785 399 374 358 374 224 4264 224 213 273 12160 757 549 349 154 33 55 285 -9999 -9999 -9999 12 78 78 98 204 109 109 924 652 652 290 3188 78 141 2413 1422 556 40974 2367 16204 1530 21389 287 989 753 477 495 402 800 226 365 227 4951 348 626 417 333 522 313 804 1205 14620 1252 1113 14095 417 618 1113 14960 2225 989 495 730 1433 1739 2473 1391 695 700 556 556 556 556 695 417 464 417 730 522
203 449 598 14250 435 249 233 189 3629 324 870 561 5834 365 224 224 14 148 -9999 -9999 -9999 -9999 43 78 113 17 489 109 706 598 598 27 598 452 464 104 93 93 1229 695 4255 1484 220 865 435 330 261 297 5928 365 203 8589 278 201 191 234 7047 556 661 742 742 11220 29940 1298 1020 989 742 495 989 989 28730 989 575 661 1391 2782 27046 1391 695 587 591 8067 556 522 661 417 417 730 580 464
449 415 898 561 424 287 133 393 399 374 14137 748 327 617 394 349 5685 68 55 -9999 -9999 -9999 24 43 54 3929 380 156 2456 163 598 181 163 252 313 104 591 435 2143 1391 1484 1298 151 742 371 556 8664 464 377 452 301 19 0 61 58 60 309 135 10602 730 742 26706 835 927 1298 1236 989 865 14342 1808 1978 989 575 556 1321 22351 2260 1391 661 383 715 835 800 800 730 464 742 522 417 522
499 997 997 631 8107 212 243 196 299 421 349 240 240 549 701 337 400 -9999 219 16 -9999 -9999 -9999 11 139 2036 380 70 278 109 91 33 869 53319 591 435 516 1217 1252 24202 1360 487 527 10602 106 464 383 7789 371 452 199 21 2 17 168 39 12 255 371 835 939 1356 927 417 1113 1391 1530 989 14342 1113 1391 989 495 618 1294 913 2009 1321 753 14218 145 487 452 730 371 626 522 556 10571 284
557 18113 499 499 561 449 399 519 6494 324 168 486 12118 673 379 489 175 55 219 55 -9999 -9999 15 101 2017 326 285 598 465 151 163 292 151 522 482 695 1217 1236 2887 1484 989 773 371 63 276 301 452 170 429 706 32 21 19 0 209 162 12 162 464 10756 927 1669 835 10756 835 989 1484 1669 14589 1113 695 1113 695 15857 835 1252 23055 1035 804 556 487 417 417 649 464 527 301 209 301 730
1636 623 761 533 533 15848 898 898 757 486 4600 757 421 337 4881 643 351 140 771 11 -9999 -9999 15 217 78 435 163 163 367 367 398 35 313 313 181 1148 17927 1511 616 1113 989 556 170 301 52 26 527 301 371 383 47 38 9 1 93 116 39 39 446 835 26706 1205 742 464 464 12240 989 1236 1484 1408 1484 989 742 742 695 14342 1607 2225 1113 556 298 417 255 730 313 8589 371 234 257 287
14768 1455 6896 553 14299 1010 561 449 379 673 547 379 337 134 140 219 -9999 455 44 66 -9999 -9999 -9999 92 1847 489 598 109 652 163 169 39 556 556 17495 2533 1216 3153 1113 927 553 271 209 255 301 209 495 309 347 446 116 64 41 59 209 301 319 510 742 1205 1205 603 591 371 170 800 711 1113 13088 5170 1113 1113 618 495 865 703 904 2225 989 502 145 126 556 417 325 139 116 108 155 232
19576 1611 826 631 729 505 421 281 309 3310 281 4797 196 140 112 935 -9999 175 99 175 82 -9999 -9999 29 417 4434 348 104 435 145 448 556 495 974 743 2615 1530 1391 989 15891 626 7171 78 141 276 371 301 10509 148 116 61 527 5946 276 239 464 603 835 1484 1669 835 553 191 170 5998 649 711 773 4888 4922 21513 14466 1113 626 974 487 1005 2225 487 742 495 464 162 270 57 20 20 17 18 406
2689 423 505 273 112 312 2510 168 154 126 112 112 126 140 126 12051 25 468 1641 1286 146 16 -9999 -9999 -9999 105 925 134 367 45 81 174 556 835 1182 3799 1495 2689 927 402 170 301 5776 301 84 174 70 116 5 17 70 93 452 402 254 527 835 26706 26242 939 835 402 452 556 433 371 730 626 804 974 1205 1055 1055 18082 1020 680 1607 1252 1252 974 15996 618 417 309 340 6383 185 299 2256 829
351 252 196 182 168 95 42 168 168 154 125 1655 140 154 154 2562 47 7 71 140 2542 146 -9999 -9999 -9999 489 543 41 -9999 44 141 163 174 4443 989 1576 1495 865 433 556 742 301 116 174 433 213 139 46 52 85 255 116 383 11892 301 804 1634 1731 804 730 319 10602 235 87 340 464 626 371 556 649 742 1043 835 927 1298 1020 1978 1530 1287 17978 974 290 309 247 371 1391 487 893 765 678
168 168 168 168 168 95 11 42 1227 55 66 11 37 1047 84 1403 1403 -9999 2412 79 1403 643 49 -9999 -9999 489 326 -9999 73 130 104 452 15961 974 1252 522 435 742 433 209 377 117 78 0 48 58 278 62 62 33 39 116 340 605 547 863 2121 1515 904 556 649 433 292 235 527 5998 301 371 5929 309 695 556 835 742 927 1356 1565 1321 1356 1252 348 377 808 854 956 1105 4486 406 185 139
95 47 112 11 11 11 140 126 234 292 351 58 15 24 10861 1143 13791 10 1075 126 79 1724 115 -9999 -9999 609 -9999 151 1134 70 26 417 452 939 1252 1669 989 711 232 371 301 226 319 261 464 10756 122 46 7 8 46 87 156 191 383 742 896 1545 417 452 649 525 12603 99 132 5564 371 301 525 247 7233 309 234 452 8740 1113 1252 12171 742 232 232 162 191 209 1205 1055 730 829 185 87
