data/.svn/text-base/HKLandScanAscii.txt.svn-base
NCOLS 116
NROWS 118
XLLCORNER 113.3630
YLLCORNER 22.23923
CELLSIZE 0.008333333
NODATA_VALUE -9999
[rows 40 to 79 of 118, columns 0 to 89 of 116]
1171 345 1169 1655 126 112 1627 112 1627 126 2299 241 263 95 4285 -9999 99 44 8 842 55 36 175 -9999 -9999 -9999 6 98 340 423 367 430 235 765 16135 1669 1113 377 176 301 52 162 60 43 5981 5564 25 2 0 3 1 10 62 201 309 188 1356 1298 742 301 371 371 0 104 371 730 626 371 10602 433 209 170 87 97 553 1113 974 626 174 216 402 20 116 232 417 3361 446 765 156 46
116 126 1627 112 112 112 112 112 112 112 112 1641 140 79 723 1655 28 -9999 -9999 14 2370 140 37 -9999 -9999 -9999 27 315 282 3188 417 7003 417 695 1321 1669 1113 495 243 226 100 65 91 174 81 326 77 0 2 3 7 19 9 247 495 742 1130 753 10756 371 26 0 209 145 464 525 319 433 100 85 104 139 61 7 313 574 17873 433 77 77 62 46 18 39 9 160 603 232 765 406
252 2356 28 140 126 1627 1627 112 112 1627 112 112 112 112 140 154 126 1223 16 -9999 12 112 1636 -9999 -9999 -9999 254 6357 543 531 235 261 417 352 1252 1669 209 865 87 145 116 226 162 352 104 174 11 7 6 7 9 9 46 226 556 603 1184 1484 742 464 371 209 371 226 477 309 7109 135 247 29 39 87 1831 239 133 958 17943 230 52 46 46 6 12 9 8 213 618 4706 574 1252
21 32 21 8 19 39 112 112 112 1641 126 1627 112 126 1655 154 140 935 115 115 12 11 -9999 -9999 -9999 11 87 471 49 215 235 235 235 626 1113 24202 1530 989 703 124 93 87 108 311 70 93 255 12 9 9 9 70 313 477 7078 742 927 1484 742 464 556 556 495 402 226 278 417 78 62 77 62 25 203 325 487 626 510 243 11 7 46 20 13 9 8 77 191 649 139 209
32 39 47 32 6 14 126 140 112 112 126 1627 112 126 126 126 126 655 1227 99 55 140 16 -9999 -9999 134 500 116 54 196 417 235 235 293 974 209 4538 1360 556 379 510 618 278 711 135 222 139 11 9 12 12 30 29 14 155 603 1484 11127 835 556 371 301 234 191 77 170 255 58 26 15 24 18 23 701 765 152 113 9 30 13 7 10 16 41 22 17 255 100 742 352
32 168 1512 30 21 11 16 168 140 126 126 112 126 140 1066 112 1655 1169 292 54 154 42 95 -9999 -9999 -9999 367 367 87 6016 417 417 452 6120 661 989 1252 1205 53 0 62 603 14095 865 974 578 81 24 21 48 47 25 11 19 22 54 1978 804 527 301 255 12 19 16 10 77 22 13 18 15 12 16 29 904 406 183 87 128 77 18 14 213 35 16 10664 695 433 330 510 742
32 32 4797 168 18 368 95 168 2440 168 140 112 2412 168 31 154 168 168 3813 42 275 10600 66 11 -9999 -9999 -9999 163 163 417 235 104 274 556 556 1182 626 730 1453 1082 14311 1043 1051 974 16135 1113 680 556 309 43 31 31 100 128 39 171 1205 406 116 70 255 32 12 15 22 13 25 27 13 7 14 27 10942 1252 765 377 156 139 201 46 18 22 11 54 106 765 742 974 556 464
458 32 210 47 32 0 168 95 168 168 140 112 140 168 42 168 168 168 1403 42 54 2811 88 6 -9999 -9999 -9999 -9999 -9999 652 443 423 3606 522 556 913 1545 2086 1739 1130 3006 20273 1175 1600 1453 24063 1084 1256 522 1190 462 588 225 930 695 920 174 54 16 126 100 101 51 39 48 20 14 7 9 11 11 24 365 1043 618 371 70 487 170 46 7 12 11 43 340 487 695 8485 556 556
21 168 168 37 23 95 2440 168 2440 95 154 140 2426 168 42 150 4264 262 252 168 95 11 -9999 -9999 -9999 55 16 -9999 -9999 181 3477 869 706 4057 837 3105 4057 6369 2086 1855 2086 1913 2434 44753 1762 1450 2089 1700 1169 1236 1623 1893 1884 1248 261 514 216 193 278 261 377 413 89 45 15 17 11 16 61 405 383 468 701 958 26 170 201 2183 70 9 7 12 20 14 402 35 313 835 556 556
53 168 21 39 321 39 5 168 168 95 42 2426 140 2157 95 150 224 103 2419 168 2454 504 157 77 -9999 24 82 -9999 -9999 -9999 367 367 4347 6085 10887 3982 35834 17170 2074 1321 1252 20099 1634 2608 695 9736 309 565 251 251 1391 37598 2304 575 850 566 131 216 155 402 402 521 661 188 163 210 210 177 13535 1081 586 765 1148 15764 44 46 8 14 108 12 10 91 39 255 243 278 139 130 974 556
21 21 32 168 168 37 891 42 154 1655 154 42 183 569 1403 210 115 47 47 182 25 986 137 74 5018 164 22 -9999 -9999 -9999 110 284 2028 2028 35685 6399 5599 11405 1982 854 556 904 1321 2678 1159 1236 661 226 188 12219 739 1545 2173 1314 1391 954 487 680 340 340 521 961 801 440 383 315 716 618 946 961 1081 1216 574 25 18 70 3 8 12 39 108 255 301 301 76 402 603 216 14218 116
168 168 168 154 140 739 140 140 28 31 35 84 526 14902 66 299 47 37 1344 4755 3212 182 84 122 1013 929 84 -9999 -9999 -9999 4181 70 209 402 108 218 93 1236 2225 989 603 804 8067 678 2411 290 657 510 469 1739 1700 2434 44753 1700 1913 1855 1495 16204 661 1281 961 18421 180 781 18341 561 385 496 1041 15813 330 578 145 52 46 7 8 9 7 22 8276 649 626 556 15752 939 800 742 680 703
140 140 140 126 100 56 81 112 112 98 150 131 44 11 18 4740 237 70 154 168 168 168 162 76 91 396 16 -9999 -9999 -9999 -9999 -9999 9 78 130 4013 243 62 40059 1391 865 176 556 16065 1252 1669 2225 695 1198 1869 7042 1739 1565 1739 1739 1913 1554 598 447 10992 1442 1622 1802 1442 1442 1281 491 631 1106 20904 1352 961 385 618 23 9 12 17 17 209 527 417 417 417 452 452 487 495 974 402
234 112 112 112 31 44 31 112 53 42 112 18 1627 678 87 7 126 224 4755 210 70 2974 101 32 9 422 390 44 -9999 -9999 -9999 -9999 -9999 -9999 20 81 35 183 1360 11753 989 487 417 333 869 974 974 304 326 209 504 800 748 921 1194 1870 2095 1600 630 3877 1802 2162 31716 2523 293 1982 1139 1622 1892 1171 961 961 405 270 186 6 12 38 117 261 391 626 371 417 417 417 487 556 695 974
34 614 2144 126 38 61 84 84 70 7 5 9 14 117 131 18 8 12 84 49 168 323 82 54 81 11 701 482 -9999 -9999 -9999 -9999 -9999 -9999 -9999 -9999 81 209 35608 1205 11653 487 11788 417 626 130 130 130 85 143 156 104 556 380 3624 1036 2478 2202 1627 3008 2162 1442 1802 2883 2243 2162 1892 23517 1081 661 961 601 186 220 317 21 24 12 80 94 2708 301 371 417 417 417 452 464 556 695
52 18 35 31 827 56 56 56 56 56 39 98 1199 8 754 53 168 337 58 -9999 47 168 295 112 50 115 256 1403 701 58 -9999 -9999 -9999 -9999 -9999 -9999 163 391 417 1113 1043 452 391 391 835 417 417 26 26 661 137 163 135 135 619 1194 1802 34840 2703 1352 1442 1281 1281 1101 3244 1622 1261 961 961 13936 683 214 6204 186 186 144 86 12 32 38 365 301 209 371 371 417 417 487 15857 835
1968 32 0 14 56 56 56 56 56 32 56 98 296 9 97 44 351 66 66 18 -9999 12 168 182 3464 56 678 47 10045 112 2 -9999 -9999 -9999 -9999 30 3803 1356 2052 209 12101 730 -9999 -9999 11 652 30 28 85 556 117 81 135 52869 969 1126 1802 2703 1903 598 1261 18261 881 1201 2563 1712 13896 841 841 586 721 440 108 51 118 358 12 11 22 255 618 276 255 176 326 417 417 450 626 661
326 1608 1187 0 0 32 56 56 56 56 56 84 3733 99 126 758 168 168 168 2440 275 20 12 224 78 129 82 182 3444 9 2 -9999 -9999 -9999 -9999 -9999 78 4955 151 510 191 41 -9999 -9999 -9999 -9999 -9999 11 26 72 1648 676 135 969 901 901 26130 2703 1903 2468 721 721 601 826 2563 1442 15407 481 6968 721 13696 329 33 23 11 16 13 26 142 456 7248 748 385 338 413 433 15891 591 452 638
326 326 326 142 11 0 10 123 10 143 92 117 84 71 18 18 140 221 235 234 234 234 -9999 8 4 897 140 26 18 49 -9999 -9999 -9999 -9999 -9999 -9999 10 43 -9999 -9999 -9999 -9999 -9999 -9999 -9999 -9999 -9999 -9999 30 109 73 127 135 811 801 1352 1802 2703 1870 619 378 491 618 1281 1131 1362 1171 601 481 586 73 62 19 18 13 42 160 113 641 440 651 661 521 641 360 771 974 1113 433 904
183 326 326 271 163 61 170 314 0 106 6 931 9 16 48 14 28 935 1627 112 112 112 7685 -9999 -9999 -9999 -9999 -9999 -9999 -9999 -9999 -9999 -9999 -9999 -9999 -9999 -9999 -9999 -9999 -9999 -9999 -9999 -9999 -9999 -9999 -9999 -9999 -9999 484 451 101 118 10452 214 743 1577 26580 3404 710 661 120 150 230 400 2883 1602 991 811 841 961 456 330 16 42 76 911 420 716 881 521 9611 721 1041 1281 881 881 881 850 1484 1669
183 326 6645 183 305 299 193 271 326 382 35 16 14814 1039 58 19 126 126 126 112 112 126 1169 614 -9999 -9999 -9999 -9999 -9999 -9999 -9999 -9999 -9999 -9999 -9999 -9999 -9999 -9999 -9999 -9999 -9999 -9999 -9999 -9999 -9999 -9999 -9999 -9999 7 31 101 118 203 169 691 26130 2253 3942 653 169 488 105 473 1281 46587 1712 1171 541 541 841 9361 225 270 46 53 59 456 423 586 631 781 1442 1321 1602 1602 1432 1922 1081 805 232
489 570 92 570 299 244 6297 353 244 288 450 0 66 173 2169 95 154 154 154 140 140 154 168 1169 99 -9999 -9999 -9999 -9999 -9999 -9999 -9999 -9999 -9999 -9999 -9999 -9999 -9999 -9999 -9999 -9999 -9999 -9999 -9999 -9999 -9999 -9999 -9999 -9999 34 2864 267 422 135 1148 1802 1977 4685 2468 991 856 496 683 13936 2253 16714 961 1171 856 721 280 69 65 405 90 150 330 330 385 801 1121 881 27391 1432 1301 1922 27551 1442 721 350
122 6839 9363 326 326 338 121 366 92 76 1086 2963 572 12 84 168 95 1373 168 168 168 154 140 126 234 -9999 -9999 -9999 -9999 -9999 -9999 -9999 -9999 -9999 -9999 -9999 -9999 -9999 -9999 -9999 -9999 -9999 -9999 -9999 -9999 -9999 -9999 -9999 -9999 62 31 101 186 1742 551 2956 598 1442 18581 683 338 150 541 781 1321 601 293 195 20 105 423 315 413 130 23 150 270 39 140 521 651 18581 881 1041 1281 826 1261 606 618 293
489 489 366 651 366 23 434 326 326 3203 244 299 25241 1187 151 95 154 154 168 95 95 1655 112 185 13324 29 -9999 -9999 -9999 -9999 -9999 -9999 -9999 -9999 -9999 -9999 -9999 -9999 -9999 -9999 -9999 -9999 -9999 -9999 -9999 -9999 -9999 -9999 -9999 28 84 3793 195 1194 2089 338 300 1442 1121 105 330 186 210 131 60 113 1081 110 97 23 49 356 360 315 330 481 220 521 127 135 146 171 350 440 413 160 9498 110 553 901
299 271 299 9309 163 407 326 326 299 244 271 326 271 1145 2488 330 7 2144 140 63 56 87 47 329 468 263 26 -9999 -9999 -9999 -9999 -9999 -9999 -9999 -9999 -9999 -9999 -9999 -9999 -9999 -9999 -9999 -9999 -9999 -9999 -9999 -9999 -9999 -9999 17 31 150 135 327 2776 330 3987 1281 488 165 90 83 225 293 0 244 1624 666 400 420 160 496 456 358 270 358 456 338 360 7549 781 124 551 641 385 150 210 330 651 183
6215 217 489 434 299 299 289 255 6625 244 299 326 271 1809 2036 2488 2488 81 552 50 56 32 28 32 56 3389 78 19 -9999 -9999 -9999 -9999 -9999 -9999 -9999 -9999 -9999 -9999 -9999 -9999 -9999 -9999 -9999 -9999 -9999 -9999 -9999 -9999 -9999 53 34 101 352 127 100 676 220 203 561 90 15 193 113 140 300 0 1231 2343 270 771 608 518 405 488 390 85 120 280 521 440 180 150 2782 521 413 315 163 210 210 224
42 20 244 434 326 9282 434 434 217 271 326 326 271 3148 193 2262 183 774 1555 16 56 56 56 56 56 32 58 146 36 -9999 -9999 -9999 -9999 -9999 -9999 -9999 -9999 -9999 -9999 -9999 -9999 -9999 -9999 -9999 -9999 -9999 -9999 -9999 -9999 -9999 19 1470 169 93 135 360 300 541 105 90 210 47 70 220 275 781 1156 3018 366 210 385 120 120 578 413 423 488 163 360 551 1121 961 551 641 521 160 263 293 120 423
271 380 109 241 380 271 217 380 3148 244 299 326 271 193 217 299 326 254 1357 151 47 28 56 50 28 28 56 468 78 -9999 -9999 -9999 -9999 -9999 -9999 -9999 -9999 -9999 -9999 -9999 -9999 -9999 -9999 -9999 -9999 -9999 -9999 -9999 -9999 -9999 -9999 101 7839 188 240 360 400 23 14 23 11128 270 358 360 400 781 1562 1442 911 683 16 11 68 90 473 586 120 440 1440 210 641 14837 661 641 641 280 263 384 49 44
299 353 204 217 217 380 6188 326 217 244 299 326 299 271 168 183 326 4722 1527 402 31 11 28 813 56 56 7 32 6779 5 -9999 -9999 -9999 -9999 -9999 -9999 -9999 -9999 -9999 -9999 -9999 -9999 -9999 -9999 -9999 -9999 -9999 -9999 -9999 -9999 -9999 2 34 2590 165 293 300 39 8 383 180 193 325 293 275 961 190 1562 180 90 11 30 11 11 90 338 781 911 961 98 98 1121 781 122 98 641 188 72 175 175
326 434 96 2847 193 217 353 6351 241 271 265 326 4722 326 326 289 326 326 326 565 355 154 9 12 56 56 32 50 130 19 -9999 -9999 -9999 -9999 -9999 -9999 -9999 -9999 -9999 -9999 -9999 -9999 -9999 -9999 -9999 -9999 -9999 -9999 -9999 -9999 -9999 -9999 38 186 270 601 138 400 180 7681 586 358 275 293 6332 716 1562 826 240 14 17 4 11 15 4 23 358 921 961 120 2831 172 651 171 165 135 976 586 45 200
326 407 366 96 3420 198 265 362 507 241 136 163 289 326 289 326 326 299 587 271 90 151 1399 41 -9999 7 90 50 339 117 -9999 -9999 -9999 -9999 -9999 -9999 -9999 -9999 -9999 -9999 -9999 -9999 -9999 -9999 -9999 -9999 -9999 -9999 -9999 -9999 -9999 -9999 -9999 30 84 227 360 131 240 646 748 358 263 248 325 385 878 1757 203 158 8 11 11 17 11 34 270 456 1121 270 145 210 240 270 268 293 1156 856 881 300
326 326 326 489 92 206 326 489 9282 434 458 326 326 326 90 4198 289 30 34 326 1496 44 109 154 8 4 64 16 146 -9999 -9999 -9999 -9999 -9999 -9999 -9999 -9999 -9999 -9999 -9999 -9999 -9999 -9999 -9999 -9999 -9999 -9999 -9999 -9999 -9999 -9999 -9999 -9999 2 3843 253 372 1952 1177 240 781 63 57 1763 186 661 541 841 791 60 146 68 1405 68 84 15 330 651 4616 113 171 240 206 248 293 901 1321 1081 1101 721
163 163 289 289 2361 204 326 244 489 326 407 4367 380 434 407 289 362 265 83 36 27 96 7 170 109 4 11 -9999 -9999 -9999 -9999 -9999 -9999 -9999 -9999 -9999 -9999 -9999 -9999 -9999 -9999 -9999 -9999 -9999 -9999 -9999 -9999 -9999 -9999 -9999 -9999 -9999 -9999 -9999 25 194 253 89 577 1041 310 115 2 24 44 120 771 363 1216 143 45 111 516 136 98 118 62 578 169 175 2776 225 220 12885 183 976 135 991 696 40905
172 275 244 163 163 163 183 507 68 1476 326 271 217 271 489 651 407 4722 326 61 193 96 50 58 142 137 -9999 -9999 -9999 -9999 -9999 -9999 -9999 -9999 -9999 -9999 -9999 -9999 -9999 -9999 -9999 -9999 -9999 -9999 -9999 -9999 -9999 -9999 -9999 -9999 -9999 -9999 -9999 -9999 -9999 237 70 51 1081 416 230 473 0 0 102 200 1200 665 981 1452 285 263 521 14837 99 103 62 586 481 175 325 193 300 661 93 338 491 320 1094 1267
434 4885 366 118 434 4342 407 289 271 132 326 299 271 265 326 434 326 326 326 36 34 4614 143 1147 50 1071 19 -9999 -9999 -9999 -9999 -9999 -9999 -9999 -9999 -9999 -9999 -9999 -9999 -9999 -9999 -9999 -9999 -9999 -9999 -9999 -9999 -9999 -9999 -9999 -9999 -9999 -9999 -9999 -9999 35 1002 84 270 845 649 285 451 0 451 230 460 813 876 117 75 90 771 551 35 40 225 578 456 488 651 661 521 268 198 74 32 302 1615 4602
326 326 326 9282 434 271 98 199 221 366 132 326 4198 326 8251 294 289 183 2656 183 326 41 339 15 117 61 15 -9999 -9999 -9999 -9999 -9999 -9999 -9999 -9999 -9999 -9999 -9999 -9999 -9999 -9999 -9999 -9999 -9999 -9999 -9999 -9999 -9999 -9999 -9999 -9999 -9999 -9999 -9999 -9999 -9999 30 152 240 1377 2590 338 1014 757 282 203 225 1301 3204 25 28 65 325 83 521 451 771 521 27 81 521 911 360 496 150 44 47 74 173 28179
326 4750 353 353 353 326 93 326 458 61 59 314 326 326 570 4722 183 183 183 36 36 36 1968 509 92 85 -9999 -9999 -9999 -9999 -9999 -9999 -9999 -9999 -9999 -9999 -9999 -9999 -9999 -9999 -9999 -9999 -9999 -9999 -9999 -9999 -9999 -9999 -9999 -9999 -9999 -9999 -9999 -9999 -9999 -9999 53 4255 1201 67 1117 48261 1627 313 1001 563 178 788 1183 488 200 957 944 911 979 911 521 360 160 20 496 716 636 531 49 82 238 63 95 3975
380 407 407 407 380 326 326 4722 326 407 68 20 274 12213 482 326 183 183 183 183 41 590 302 339 302 19 -9999 -9999 -9999 -9999 -9999 -9999 -9999 -9999 -9999 -9999 -9999 -9999 -9999 -9999 -9999 -9999 -9999 -9999 -9999 -9999 -9999 -9999 -9999 -9999 -9999 -9999 -9999 -9999 -9999 -9999 -9999 57 438 3281 1108 14480 19151 3724 621 582 688 1204 119 626 36291 1480 1702 813 911 826 15 15 26 25 36 37 310 188 54 57 61 61 151 1239
434 434 434 434 407 353 326 353 380 119 127 1680 2450 289 71 289 72 1647 72 81 -9999 -9999 -9999 35 78 16 -9999 -9999 -9999 -9999 -9999 -9999 -9999 -9999 -9999 -9999 -9999 -9999 -9999 -9999 -9999 -9999 -9999 -9999 -9999 -9999 -9999 -9999 -9999 -9999 -9999 -9999 -9999 -9999 -9999 -9999 -9999 7 105 619 2334 48477 59250 3724 34233 28787 2161 1126 876 563 2534 501 363 225 160 11 26 26 37 40 13 42 300 206 275 216 375 87 594 2278
434 434 461 7816 547 481 380 407 6297 434 434 278 433 1357 792 603 603 126 371 299 244 282 452 2527 1704 452 80 -9999 -9999 -9999 -9999 -9999 -9999 -9999 -9999 -9999 -9999 -9999 -9999 -9999 -9999 -9999 -9999 -9999 -9999 -9999 -9999 -9999 -9999 -9999 -9999 -9999 -9999 -9999 -9999 -9999 -9999 -9999 9 127 898 30343 34313 5686 30057 24061 2438 2253 1251 2534 3254 2253 845 188 178 225 37 37 42 206 757 2713 2265 2652 1620 375 547 547 2228 35552
