data/bikoroSmallAscii.asc
NCOLS 225 
NROWS 297 
XLLCORNER 17.3 
YLLCORNER -1.60833333333333 
CELLSIZE 0.00833333333333333 
NODATA_value -2147483647 
[rows 71 to 141 of 297, columns 96 to 191 of 225]
1 2 1 1 2 2 2 2 2 2 1 2 2 2 1 2 2 4 0 0 4 0 0 0 0 0 0 0 5 4 4 3 4 5 5 5 3 4 4 3 21 5 0 0 0 0 0 0 0 0 0 0 0 3 4 3 4 3 4 0 0 5 4 4 4 0 0 0 3 4 4 5 5 4 4 10 0 0 0 0 5 3 4 3 5 5 4 5 4 3 3 3 151 26 10 4
1 1 2 1 2 1 1 1 1 1 2 2 2 1 2 2 8 0 0 0 0 0 0 0 0 0 0 0 5 5 3 5 3 4 4 4 5 5 4 4 3 0 0 0 0 0 0 0 0 0 0 0 0 0 4 5 3 3 4 0 0 0 4 3 3 5 5 0 5 4 5 4 3 3 10 10 26 10 3 5 3 5 4 4 3 5 3 4 3 5 5 5 10 10 10 3
2 2 2 2 2 2 2 2 1 1 1 2 1 1 1 4 2 0 0 0 0 0 0 0 0 4 0 0 0 4 5 5 4 4 3 4 5 10 0 0 0 0 0 0 0 0 4 0 4 0 0 0 0 0 3 5 4 5 4 5 3 4 3 5 4 5 4 5 4 3 4 5 5 3 10 26 26 10 3 5 3 4 4 4 5 5 4 4 3 3 3 5 4 3 5 5
1 1 1 2 1 2 2 2 1 1 2 2 1 1 1 2 0 0 4 4 0 0 0 4 0 4 0 0 0 0 4 4 5 5 4 4 5 0 0 0 0 0 0 0 5 5 3 4 4 4 4 3 0 4 4 5 5 5 4 4 5 5 5 5 5 4 4 3 5 5 4 3 4 5 10 10 26 10 4 10 10 10 10 4 5 4 4 4 4 5 3 5 3 5 5 4
2 1 2 1 2 2 1 1 1 2 1 1 1 2 2 4 0 0 2 0 4 0 0 4 5 4 0 0 0 0 0 0 0 4 4 5 3 0 0 3 5 5 0 0 4 4 5 4 3 4 5 4 3 4 5 5 4 4 4 4 4 4 4 4 5 4 4 3 4 4 5 5 4 5 4 10 26 10 3 151 26 26 10 5 5 5 5 3 5 5 4 4 5 5 4 5
2 1 2 2 1 2 1 2 1 2 2 2 2 1 2 4 0 0 0 0 4 0 0 4 5 5 0 4 4 0 0 0 0 0 0 0 0 0 0 3 5 4 3 5 5 3 5 3 4 3 4 4 5 5 5 4 5 4 5 3 3 4 4 3 5 4 5 4 5 5 5 5 5 5 3 10 26 10 10 10 10 26 10 10 4 4 5 5 5 4 5 5 5 4 4 4
2 1 2 1 2 1 2 1 1 1 1 2 2 1 1 4 0 0 0 0 4 0 0 4 4 5 0 3 5 0 0 0 0 0 0 0 0 0 0 5 5 4 4 4 5 5 5 4 3 3 4 4 5 4 5 4 5 3 3 3 3 3 5 5 3 5 3 4 3 5 3 3 4 5 4 10 26 26 10 4 10 26 26 10 10 4 4 4 5 4 4 4 5 5 5 5
1 2 1 1 2 1 1 1 1 1 2 2 1 2 2 0 0 0 0 0 4 0 0 5 5 3 0 3 4 4 4 0 0 0 0 4 5 0 4 3 4 5 4 4 3 3 5 3 5 4 5 5 4 4 5 5 3 5 5 4 5 3 5 4 5 4 3 5 4 3 3 4 4 3 4 10 10 26 10 4 10 10 26 26 10 10 5 4 5 5 4 4 5 3 4 4
2 1 2 2 2 1 1 1 1 1 1 1 1 2 2 0 0 0 0 16 4 0 0 5 4 0 0 4 5 5 0 0 0 5 5 5 4 3 4 4 3 3 4 4 4 3 4 5 4 5 3 4 3 4 5 4 4 4 3 3 3 4 5 5 4 3 4 5 4 4 3 4 4 5 4 4 151 10 10 4 3 10 10 26 26 10 4 4 5 5 4 3 5 5 5 4
2 2 2 2 2 1 1 1 1 1 2 1 1 8 4 0 0 0 0 16 4 0 0 4 3 0 4 5 4 5 5 0 5 4 5 5 4 3 4 4 5 5 5 5 4 4 4 4 4 4 5 3 5 4 4 4 4 4 5 5 3 3 3 4 5 4 3 4 4 4 5 5 4 5 4 4 4 5 4 5 4 3 10 10 26 10 5 5 5 3 4 4 3 5 5 5
2 1 2 2 2 2 2 1 1 1 1 1 1 8 1 0 0 0 0 4 0 0 0 4 5 0 4 5 5 5 4 0 0 0 0 0 0 3 4 5 3 3 5 4 3 5 3 5 5 4 4 3 4 4 3 5 5 3 4 4 4 4 4 5 5 4 3 3 3 5 4 4 5 5 4 5 4 3 5 3 3 5 4 10 26 10 4 3 4 3 4 5 5 5 5 4
1 2 2 2 1 2 1 1 2 2 2 2 1 2 2 0 0 0 1 0 0 0 0 0 0 0 4 4 4 4 4 4 0 0 0 0 0 3 4 4 5 4 3 3 5 3 4 5 3 4 4 5 3 4 5 5 3 4 5 4 4 4 4 5 10 10 10 5 5 4 5 4 3 4 5 4 4 3 4 5 4 4 10 151 26 10 5 5 5 4 5 3 4 4 4 5
2 2 1 1 2 2 2 2 1 1 2 2 1 2 0 0 0 0 0 0 0 0 0 0 0 4 5 4 5 10 5 5 0 0 0 0 0 3 3 4 4 3 4 3 4 5 5 4 5 4 4 4 4 4 4 4 4 4 4 4 5 4 5 5 151 26 10 5 4 4 3 3 4 5 5 4 4 4 4 4 5 4 10 26 26 10 4 5 5 5 4 4 5 4 4 4
1 2 1 2 2 2 2 1 1 1 1 1 2 0 0 0 0 0 0 0 0 0 0 0 0 4 5 3 4 10 10 5 0 0 0 0 0 4 4 4 4 5 4 4 4 4 5 3 5 4 4 4 4 5 4 5 5 3 4 5 3 5 5 4 10 26 10 5 4 4 3 4 4 4 4 5 4 5 4 5 4 5 10 26 10 10 4 5 3 5 4 4 4 3 4 4
2 2 2 2 1 1 2 1 1 1 2 2 2 0 0 0 0 0 0 0 0 0 0 0 0 4 4 4 3 10 10 4 0 0 0 0 0 4 5 5 5 4 3 4 4 4 4 4 5 4 4 4 5 4 4 5 3 5 5 3 4 5 4 3 10 26 10 5 5 5 5 5 4 4 5 4 4 4 4 5 4 4 10 26 10 5 4 5 4 10 10 10 10 10 4 5
2 2 2 2 1 2 1 2 1 1 1 2 0 0 0 0 0 0 0 0 0 0 0 0 0 4 3 4 5 10 10 0 0 4 0 0 0 3 5 3 4 5 4 4 3 4 3 4 5 5 4 5 3 5 4 3 5 3 5 3 4 5 4 5 10 26 10 10 5 5 10 10 10 10 10 10 10 10 10 10 10 10 10 26 10 10 10 10 10 10 26 26 26 10 10 4
2 1 2 1 2 1 2 1 2 2 2 8 0 0 0 0 0 0 4 0 0 0 0 0 0 3 4 5 10 10 4 0 0 0 0 4 5 4 5 5 4 3 5 5 3 5 5 5 3 5 4 5 4 4 3 5 4 5 3 5 3 3 5 5 10 26 26 10 5 5 10 26 402 10 10 26 26 26 26 26 26 26 10 26 26 26 26 10 10 26 26 10 26 26 10 4
1 2 2 1 1 1 1 1 2 2 1 0 0 4 0 0 0 0 4 0 0 0 0 0 0 4 5 9 0 0 0 0 5 0 0 5 5 5 4 4 5 4 3 3 4 5 5 3 4 5 3 3 4 4 4 5 5 10 10 10 10 10 10 5 10 10 26 10 10 10 10 26 26 26 26 26 10 10 10 10 10 26 26 402 26 10 26 26 26 26 10 10 10 26 10 10
1 2 2 1 1 1 1 1 2 1 1 0 0 0 0 0 0 8 0 0 0 0 0 0 0 5 5 0 0 0 5 0 0 0 0 4 4 4 3 4 5 5 4 4 5 4 5 4 3 4 5 5 3 4 5 10 10 10 26 26 26 26 10 10 3 10 26 26 26 26 26 26 10 10 10 10 10 3 3 4 10 10 10 10 26 10 10 10 10 10 10 4 10 26 26 26
2 2 1 1 1 1 2 2 1 2 2 0 0 0 0 0 0 4 0 0 0 0 0 0 0 10 4 0 0 0 5 0 0 0 0 4 5 4 4 5 5 3 3 3 4 5 4 5 5 4 5 5 5 10 10 10 26 26 26 10 10 26 26 10 10 10 26 26 26 26 10 10 10 4 5 5 4 4 3 5 4 4 3 10 26 10 4 3 3 3 3 5 10 10 10 26
2 1 2 1 1 1 2 2 2 1 0 0 4 0 1 0 8 8 0 4 0 0 0 0 0 0 0 0 0 4 3 0 0 0 0 5 4 5 4 3 3 4 4 3 4 4 5 10 10 10 10 10 10 10 26 26 26 10 10 10 10 10 26 26 26 26 26 10 10 10 10 4 3 5 3 3 4 4 5 5 5 5 4 10 26 10 10 4 5 5 4 5 3 4 10 10
2 2 1 1 2 1 1 2 2 4 0 0 0 0 0 0 2 0 0 4 0 0 0 0 0 0 0 4 5 5 0 0 0 0 3 5 4 4 4 4 5 3 3 10 10 10 10 10 26 402 26 26 26 26 26 10 10 10 4 5 5 10 10 10 10 10 10 10 4 3 4 3 4 4 4 3 3 5 5 4 4 4 4 10 26 26 10 3 5 3 5 5 4 5 4 5
2 1 1 1 2 1 2 1 2 2 0 0 0 0 0 2 4 0 4 4 0 0 0 0 0 0 0 0 0 0 0 0 0 4 4 4 5 3 10 10 10 10 10 10 26 26 26 26 26 10 10 10 10 10 10 10 4 4 4 4 4 3 4 4 4 4 4 5 5 3 3 4 4 5 5 5 4 4 4 5 5 5 3 10 10 26 10 4 4 5 5 5 3 4 3 5
2 2 1 1 2 1 1 2 0 0 0 0 1 0 0 8 8 0 4 0 0 0 0 0 0 0 0 0 0 0 0 0 0 0 0 10 9 9 10 26 23 23 26 26 26 10 10 10 10 10 5 5 4 3 3 5 3 5 5 5 4 3 4 3 3 4 5 5 5 3 5 4 4 4 5 4 5 3 5 4 3 5 4 3 10 26 10 4 5 3 5 4 3 4 4 4
1 1 1 1 2 1 1 2 0 0 4 4 0 0 8 8 1 0 0 0 0 0 0 0 0 0 0 0 0 0 0 0 0 0 0 26 23 23 23 23 9 9 9 10 10 10 5 3 4 5 5 4 5 5 5 5 4 4 4 5 4 5 4 5 4 4 5 5 5 4 4 3 5 4 3 3 4 5 4 4 4 5 5 5 151 10 10 4 3 5 3 4 5 4 4 3
1 2 1 1 2 2 2 1 0 0 4 0 0 0 8 8 1 0 0 0 0 0 0 0 0 148 10 20 10 0 0 0 0 0 0 0 0 0 10 9 9 5 5 5 4 4 4 5 4 4 4 4 5 5 4 4 3 4 5 5 4 5 5 4 4 3 3 4 5 5 5 5 4 5 5 5 5 4 5 3 4 4 5 5 4 5 3 5 3 4 5 3 5 3 4 5
1 1 1 2 1 2 8 4 0 0 0 0 0 1 16 8 0 0 13923 0 0 0 0 69 10 10 25 25 51 51 0 0 0 0 0 0 0 0 0 0 3 5 4 3 5 5 4 3 3 4 5 5 4 3 4 3 4 5 5 5 5 5 5 3 4 4 4 4 5 3 3 4 5 3 4 4 4 4 5 4 4 4 5 4 5 3 4 5 4 3 3 3 4 5 4 4
2 1 1 2 2 2 4 0 0 0 0 0 0 1 2 4 0 12730 6249 0 0 40892 32046 13813 2037 25 25 25 10 10 10 0 0 0 0 0 0 0 0 5 5 4 4 5 3 4 4 4 5 4 5 4 5 3 4 3 4 5 5 3 4 4 5 5 5 4 4 5 5 4 5 5 4 5 4 5 4 5 4 4 4 4 5 3 4 5 5 5 4 3 5 5 3 4 4 5
1 2 1 1 1 1 4 0 4 2 0 0 0 8 22 1021 0 6481 0 0 14020 19856 13813 5091 5091 25 10 10 148 10 4 0 0 0 0 0 0 0 0 5 4 3 4 4 5 5 3 5 4 5 3 5 5 3 4 5 5 5 3 3 3 4 5 5 4 6 4 4 5 5 4 6 4 5 4 5 5 4 4 3 5 4 3 5 4 5 5 4 5 4 5 4 3 5 4 3
1 2 2 2 1 8 4 0 0 0 0 0 1 2 22 10339 0 8002 0 7942 5525 5091 2037 2037 5091 23 23 23 25 10 2 5 0 0 0 0 0 0 4 3 4 3 4 3 4 5 5 4 4 4 4 4 5 5 5 4 3 3 4 3 5 5 4 5 5 4 4 5 4 4 3 5 4 5 4 4 3 4 3 4 4 4 4 4 4 4 5 5 4 4 4 4 4 4 4 5
1 1 1 1 2 2 4 0 0 0 0 0 1 1 7 2309 0 0 5525 2037 2037 5091 2037 10 9 23 9 9 9 9 4 0 0 0 0 0 0 5 4 3 5 4 5 5 4 5 4 5 5 5 5 4 5 4 4 5 5 5 4 4 5 4 4 5 4 3 5 5 4 5 4 4 4 5 5 4 5 5 5 4 4 5 3 3 3 5 5 5 5 5 4 4 5 5 4 5
1 1 1 1 1 2 4 0 0 0 0 0 0 0 0 0 0 0 2037 1018 1833 23 10 5 10 332 23 9 5 5 0 0 0 0 0 0 0 3 5 4 3 5 3 4 5 5 4 5 5 5 5 5 3 5 4 5 4 5 5 5 3 4 5 4 4 4 4 4 5 5 4 5 4 5 5 5 4 3 2 4 5 5 4 4 4 3 5 4 3 4 4 5 4 4 5 3
2 2 1 2 1 2 4 0 0 0 0 0 0 0 0 0 0 2037 4 4 9 23 10 3 10 25 25 9 5 5 5 0 0 0 0 5 3 5 5 3 3 4 11 5 5 3 4 5 5 5 4 5 3 4 5 4 5 5 4 4 4 4 5 4 5 5 5 4 5 6 5 4 4 4 3 4 3 5 5 5 5 5 5 5 4 5 4 4 4 3 4 4 4 5 3 5
1 2 1 1 2 16 1 1 0 0 0 0 0 0 0 0 0 0 5 5 9 10 10 4 10 10 10 10 5 5 9 18 9 4 0 0 0 4 4 3 4 3 8 9 11 8 11 11 11 11 5 5 3 5 5 5 5 4 4 4 5 4 4 4 3 5 5 5 4 3 6 5 4 4 3 5 4 3 4 5 5 5 4 4 4 4 5 3 5 5 4 4 5 4 5 4
2 1 2 2 1 4 4 4 0 0 0 4 0 0 0 25 10 0 5 3 3 4 3 3 2 4 3 3 5 5 5 9 5 5 0 0 0 0 3 3 4 5 0 0 0 0 11 11 11 11 11 5 5 3 5 4 4 4 4 5 4 3 4 5 5 5 5 4 5 4 5 5 4 4 5 5 5 5 3 4 4 5 5 4 5 4 5 5 4 5 4 3 4 4 5 3
2 2 1 2 2 8 4 4 0 0 0 0 0 0 25 0 0 0 2 4 5 4 5 4 5 5 5 4 3 4 5 37 5 5 5 0 0 0 0 0 0 0 0 0 0 0 11 11 9 10 12 6 11 4 4 4 5 4 5 5 4 5 4 5 4 5 5 4 5 4 5 3 4 4 4 5 4 4 4 5 4 5 5 5 5 5 5 5 5 4 4 5 5 5 5 4
2 2 1 1 2 8 4 0 0 0 0 0 0 0 0 0 10 5 5 4 4 2 5 3 3 5 3 4 3 4 5 5 5 5 5 0 0 0 0 0 0 0 0 0 0 0 0 8 0 0 0 8 11 12 10 5 5 5 4 4 4 4 4 4 4 5 4 4 5 5 4 3 5 5 5 5 3 5 5 5 3 4 4 4 4 4 4 4 3 4 5 5 4 5 5 4
2 1 1 2 1 2 4 0 4 4 0 0 0 0 0 9 4 4 3 4 4 4 2 4 5 4 5 5 4 4 5 5 5 5 3 3 5 0 0 0 0 24 10 8 12 0 0 0 0 0 0 0 0 11 10 6 11 5 5 4 5 4 4 5 5 5 5 5 4 5 5 4 6 4 4 5 5 5 5 5 5 4 5 5 5 3 4 5 4 4 2 4 5 4 4 3
2 1 1 8 2 4 4 0 4 16 0 0 0 0 10 3 3 5 3 4 5 4 4 4 5 5 4 5 4 5 5 5 5 5 10 4 2 4 4 10 9 9 10 9 11 8 0 0 10 7 8 0 0 0 8 8 6 9 8 5 4 4 4 5 4 4 4 4 4 5 5 4 4 4 4 5 5 5 5 3 5 5 5 5 5 4 5 5 4 5 4 5 4 3 5 4
1 1 2 8 4 4 0 0 4 8 20 25 0 10 4 2 2 4 4 5 4 3 4 5 4 5 2 4 4 5 5 4 5 4 3 2 4 5 11 6 10 8 10 9 24 8 24 10 8 9 6 9 0 0 0 0 0 9 10 11 5 4 4 4 4 5 4 4 5 4 3 3 3 5 5 4 5 4 4 5 5 4 5 5 3 5 4 3 4 5 4 4 5 5 4 5
1 1 2 2 4 4 0 0 0 0 25 0 0 4 5 4 4 2 5 5 2 4 5 4 4 4 3 5 4 4 3 4 5 4 4 3 3 4 11 9 8 10 24 24 24 9 6 11 12 6 12 10 9 12 9 0 0 0 0 11 22 6 4 5 5 0 0 0 3 5 5 5 5 4 4 5 5 5 4 5 4 4 5 4 5 5 4 4 4 5 4 3 4 5 5 4
2 2 8 8 2 4 0 4 0 0 0 0 10 10 4 5 4 4 3 5 3 4 3 4 2 3 4 5 4 5 4 4 4 4 4 3 5 11 8 9 10 10 11 11 11 8 9 11 11 24 8 10 10 11 11 11 0 0 0 0 0 0 0 0 0 0 0 0 0 0 0 0 5 4 4 4 3 5 0 0 0 0 3 4 5 4 4 3 5 4 3 4 5 4 5 5
2 8 4 2 0 0 0 0 0 0 0 25 25 10 5 2 4 3 4 5 3 4 3 5 4 2 4 3 3 5 4 5 4 4 4 3 11 9 7 8 11 11 9 11 10 8 10 11 10 10 11 11 21 11 11 11 11 11 0 0 0 0 0 0 0 0 0 0 0 0 0 0 0 0 0 0 0 0 0 0 0 0 0 0 5 5 4 4 4 5 5 5 5 5 4 5
1 1 0 0 0 4 4 0 0 0 0 10 25 10 10 4 4 4 3 4 2 5 4 4 4 4 4 4 5 3 4 4 4 4 4 8 8 8 8 10 11 12 9 8 8 11 11 6 10 6 10 11 11 21 21 11 11 11 11 11 5 5 5 5 5 5 4 5 4 5 0 0 0 0 0 0 0 0 0 0 0 0 0 0 0 0 5 3 5 5 4 4 5 5 4 4
1 0 0 3 0 0 0 0 0 0 0 10 25 25 10 10 4 5 4 4 5 4 4 3 3 4 4 4 5 5 4 4 5 3 5 9 11 24 10 11 10 9 11 7 10 8 6 6 11 8 8 10 11 12 10 24 21 21 21 11 10 10 5 5 10 10 10 10 10 5 5 5 20 5 4 4 2 5 5 4 22 6 0 0 0 0 0 2 5 5 4 4 5 5 4 4
0 0 1 3 0 0 0 0 0 0 0 10 10 23 25 9 5 5 5 5 5 4 3 3 2 4 4 4 4 5 2 4 4 4 9 9 11 10 11 12 9 10 9 11 10 10 10 12 9 10 10 10 11 9 8 12 8 10 10 11 5 5 5 5 5 5 5 5 10 10 5 5 5 5 5 4 11 22 11 11 4 22 3 6 0 0 0 0 4 4 4 5 4 5 4 4
0 0 1 2 0 0 0 0 0 0 0 5 9 9 23 9 5 5 5 5 5 3 3 3 4 5 5 5 4 3 2 4 5 5 10 10 11 9 10 10 11 11 6 11 9 10 8 6 11 10 10 8 12 6 9 12 8 10 9 12 5 4 3 5 5 5 5 5 5 5 5 5 10 10 4 5 5 5 4 5 5 20 5 6 0 0 0 0 5 3 4 5 4 4 5 5
0 2 0 0 0 0 0 0 0 0 5 5 5 9 23 9 5 5 5 5 4 5 4 4 4 3 5 3 2 3 5 4 3 4 11 10 11 10 8 8 9 9 9 9 12 0 0 8 11 10 11 8 6 11 9 8 10 10 9 6 5 5 3 4 11 160 10 5 5 5 5 4 3 5 4 3 4 4 4 5 5 5 10 5 6 0 0 0 4 4 3 4 5 5 4 5
2 0 0 3 0 0 0 0 5 5 5 5 5 9 23 9 5 5 5 4 3 4 4 5 3 4 5 4 3 4 3 4 4 8 8 12 8 6 10 8 11 11 8 9 12 0 0 0 9 9 11 10 6 11 9 9 8 10 10 12 4 3 4 5 11 28 11 4 4 4 5 4 5 5 4 4 5 5 5 5 5 5 5 10 5 6 0 0 0 4 5 5 5 5 4 5
0 0 3 4 0 0 0 4 5 5 5 5 5 9 23 9 9 5 5 4 5 5 3 4 5 4 4 2 4 4 4 4 4 10 9 10 8 7 6 9 11 11 6 12 10 0 0 0 0 0 12 9 10 24 24 8 11 12 6 9 5 4 4 5 11 28 11 11 5 5 4 3 5 5 5 5 3 5 5 3 5 5 5 5 5 5 6 0 0 0 0 5 3 4 3 4
0 2 1 0 0 0 5 5 5 5 5 5 5 9 23 23 9 10 5 5 4 3 5 2 4 4 4 3 5 3 4 3 10 8 11 6 11 10 6 8 11 11 11 11 10 12 0 0 0 0 0 24 11 21 11 94 12 10 8 11 4 5 5 5 11 28 28 11 11 11 5 4 4 5 5 5 5 5 5 5 5 5 5 5 10 5 5 6 0 0 0 0 0 4 4 5
3 3 0 0 0 0 5 5 5 5 5 5 5 9 10 25 25 10 4 3 4 4 4 4 5 4 4 4 4 4 3 3 6 8 11 11 8 10 11 8 11 11 11 11 11 12 0 0 0 0 0 0 0 0 0 0 0 0 6 6 3 5 3 5 11 11 28 28 28 11 11 11 5 5 3 5 4 4 5 5 5 5 5 5 10 5 5 5 6 0 0 0 0 0 5 4
3 0 0 0 0 0 5 5 5 5 5 5 5 5 10 10 25 10 10 3 3 4 4 4 4 3 4 2 5 4 5 8 10 11 11 11 8 6 6 9 11 11 11 11 11 11 11 0 0 0 0 0 0 0 0 0 0 0 0 8 5 3 5 5 4 11 11 11 28 28 28 11 4 5 4 5 5 5 5 3 5 5 5 5 5 10 5 5 5 5 6 0 0 0 0 0
0 0 0 0 0 5 5 5 5 5 5 5 5 4 5 10 25 25 10 5 4 4 4 4 5 5 4 3 5 3 9 11 11 7 11 10 8 11 11 11 11 11 11 11 11 11 11 11 0 0 0 0 0 0 0 0 0 0 0 0 5 4 4 4 4 5 4 11 11 11 28 11 11 4 5 5 5 5 5 5 5 2 4 5 5 5 10 5 5 5 5 4 0 0 0 0
0 0 0 0 0 5 5 5 5 5 5 5 5 5 4 10 10 25 10 5 4 3 5 4 4 5 3 4 4 4 8 10 11 11 8 10 6 8 8 11 11 11 11 11 11 11 11 11 11 11 11 11 11 11 0 0 0 0 0 0 5 3 4 4 5 5 5 5 3 11 28 28 11 10 5 5 5 5 5 5 4 5 5 5 5 5 5 10 5 5 5 5 5 0 0 0
0 0 0 0 4 5 5 5 5 5 5 5 3 5 5 4 10 25 10 5 5 5 4 5 4 3 4 4 10 11 8 9 8 11 6 10 12 8 9 11 9 12 10 11 11 11 11 11 11 11 11 11 11 11 11 0 0 0 0 4 4 5 4 4 5 3 5 5 5 10 10 25 25 10 10 5 5 4 5 4 5 5 5 5 4 5 5 5 10 10 10 10 10 11 0 0
0 2 0 4 5 5 5 5 4 5 5 5 5 4 3 4 10 25 10 4 4 5 4 4 3 2 3 11 11 8 6 10 9 9 9 10 7 8 8 11 6 10 8 11 11 11 11 11 11 11 11 11 11 11 11 11 11 0 0 5 5 4 5 4 4 4 4 5 5 5 10 25 25 25 10 11 5 5 3 4 4 5 5 5 5 4 11 10 10 20 25 25 25 10 6 4
2 0 4 4 4 5 5 5 4 2 5 3 4 3 4 3 10 25 10 3 4 5 4 3 5 5 11 8 11 9 11 10 10 9 8 12 171 8 6 6 11 11 12 8 9 8 11 9 8 11 12 11 11 11 11 11 10 24 24 3 5 5 5 5 5 4 5 6 5 5 11 10 10 25 28 11 11 4 4 4 5 5 5 5 6 11 11 28 25 25 50 10 10 10 72 5
0 0 3 3 3 4 5 5 4 4 5 4 5 5 3 5 10 25 10 5 4 3 4 5 4 10 8 8 9 12 11 10 8 10 12 6 12 12 9 12 8 11 9 8 11 11 10 10 9 9 8 10 8 11 9 11 10 12 10 5 5 4 5 3 5 5 4 5 5 4 5 5 10 11 28 28 11 11 11 5 4 5 5 5 5 11 28 25 10 10 10 10 10 5 5 5
0 0 8 5 5 4 5 5 5 5 5 4 5 5 3 5 10 25 10 4 4 4 4 10 6 11 9 12 11 11 8 6 8 9 9 11 6 8 10 11 12 8 12 9 10 10 10 11 9 8 6 11 9 8 10 11 11 10 11 4 4 5 5 4 5 5 5 5 4 4 5 3 4 11 11 28 28 28 11 11 5 5 5 5 5 11 25 10 10 5 5 5 5 5 5 5
0 9 8 8 10 9 11 11 5 5 5 3 5 4 5 5 10 25 10 5 5 5 8 9 9 12 8 10 11 9 8 9 11 11 11 8 12 9 10 12 10 10 6 9 10 6 8 8 8 8 8 9 8 11 10 6 10 9 12 4 3 4 5 5 4 5 5 5 4 5 5 4 5 4 11 11 28 28 28 11 3 5 5 5 10 10 25 11 5 5 5 5 10 5 5 5
0 11 11 11 11 11 11 11 11 11 11 11 4 5 4 5 10 25 10 5 9 11 6 9 10 10 10 8 10 8 11 11 8 10 11 11 10 8 9 10 8 8 8 6 8 6 8 8 8 8 9 6 11 10 10 12 12 24 8 4 5 5 4 4 4 4 5 3 4 4 5 5 5 5 4 11 11 11 28 11 5 4 5 5 10 25 25 11 4 5 5 5 5 10 5 5
11 11 11 11 11 11 11 11 11 11 11 11 11 11 9 10 24 59 24 12 12 6 12 10 9 11 6 8 12 9 8 11 11 6 10 10 8 10 12 11 6 10 9 11 11 10 6 8 9 8 9 11 10 9 7 6 12 9 4 3 3 4 4 5 5 5 5 4 5 4 4 5 3 5 5 5 5 11 28 11 11 11 5 11 10 25 11 11 4 4 5 5 5 5 10 4
11 11 11 11 11 11 11 11 11 11 11 11 11 11 8 10 24 59 24 10 12 9 11 8 11 10 11 8 6 8 11 11 8 10 11 8 9 10 10 8 11 8 8 11 10 9 12 8 11 8 11 10 10 8 11 10 10 9 4 5 5 3 4 5 3 5 5 5 5 4 5 4 4 5 5 4 5 11 28 28 28 11 11 11 28 28 11 5 5 5 5 5 5 5 10 11
11 11 11 11 11 11 11 11 11 11 11 11 11 11 8 11 24 59 342 8 12 8 9 10 8 6 6 6 8 10 10 11 10 8 11 10 8 9 10 11 8 6 6 11 11 11 8 9 9 8 9 8 6 7 8 11 10 6 5 4 5 5 4 4 4 3 5 3 4 4 4 5 6 5 4 4 5 11 11 11 28 28 11 28 28 11 11 5 4 3 5 5 5 5 5 11
11 11 11 11 11 11 11 11 11 11 11 11 10 9 8 6 24 59 24 12 9 8 11 12 9 11 10 10 11 9 8 9 11 6 7 9 11 9 8 11 9 9 11 11 11 11 8 11 6 8 8 8 12 11 10 8 11 6 4 4 5 4 5 5 4 4 4 5 4 4 4 5 5 5 4 3 3 4 5 11 11 28 28 28 11 11 5 5 5 4 5 5 5 5 3 5
11 11 11 11 11 11 11 11 11 6 10 11 6 10 11 8 24 59 24 9 11 9 11 9 12 9 8 9 11 9 6 8 11 11 9 9 10 8 9 8 10 11 11 11 11 7 10 9 12 12 11 11 9 10 11 6 12 5 4 4 4 5 5 4 4 5 5 4 5 5 4 4 5 4 3 5 5 5 5 4 11 11 28 11 11 4 4 4 4 4 5 5 5 5 5 10
11 11 11 11 11 11 11 11 8 8 6 11 11 11 8 24 24 59 24 11 9 6 6 11 8 6 11 11 9 6 8 10 9 11 10 9 11 6 10 11 11 11 11 11 8 8 8 8 6 11 8 8 9 11 10 8 4 5 5 4 5 4 5 4 5 4 5 5 5 5 4 5 5 4 4 4 5 4 4 11 11 28 28 11 5 4 4 5 5 5 5 5 5 5 5 10
11 11 11 11 11 11 6 10 9 8 10 10 10 11 11 24 59 59 24 11 10 10 6 8 9 11 9 11 11 9 10 9 10 9 6 8 10 8 11 11 11 11 12 9 12 9 10 9 9 9 11 11 11 6 9 11 4 5 4 3 5 4 5 4 5 5 4 4 3 5 4 3 4 5 3 4 4 4 5 11 28 28 11 11 5 5 4 4 5 4 4 5 5 5 10 10
11 11 11 11 11 11 8 10 9 8 10 6 10 8 10 24 59 24 24 9 10 9 11 8 8 6 8 11 9 11 9 11 11 6 11 8 10 8 11 11 11 9 8 9 9 7 8 9 9 10 10 6 8 9 12 5 5 4 4 4 5 5 4 5 4 3 5 4 4 5 5 5 5 4 5 4 5 4 4 11 28 28 11 5 5 4 5 4 4 5 3 5 5 10 10 25
11 11 11 11 11 12 8 9 11 9 10 8 9 8 9 24 59 59 24 11 9 9 10 6 8 8 11 11 10 10 8 6 9 11 8 9 8 10 11 8 9 8 10 10 12 8 9 8 9 8 11 9 12 9 8 4 4 4 5 5 4 3 5 5 3 5 5 4 4 4 4 4 5 4 5 4 4 5 3 11 11 28 11 4 5 4 4 5 5 5 4 5 5 10 25 25
