data/bikoroSmallAscii.asc
NCOLS 225 
NROWS 297 
XLLCORNER 17.3 
YLLCORNER -1.60833333333333 
CELLSIZE 0.00833333333333333 
NODATA_value -2147483647 
[rows 213 to 283 of 297, columns 0 to 95 of 225]
1 1 1 1 1 1 1 4 1 4 4 2 2 0 0 0 0 8 8 8 6 0 0 0 0 9 11 8 6 11 12 8 10 11 8 9 11 11 9 9 8 10 6 24 59 24 10 10 11 12 6 9 9 10 11 6 10 8 11 9 8 11 9 11 6 6 11 11 8 11 8 8 10 12 10 11 9 8 8 10 11 8 171 10 12 8 12 12 12 12 12 12 12 12 0 12
1 1 1 1 4 4 1 2 2 0 0 0 0 0 0 8 8 8 5 7 0 0 7 7 8 6 6 8 7 7 8 6 8 11 12 12 9 10 11 12 9 9 11 24 59 24 24 6 11 11 6 11 11 9 11 9 10 9 11 10 8 10 9 8 8 11 11 9 8 8 10 11 8 10 9 8 8 11 8 11 10 10 9 10 11 12 12 12 12 12 12 12 12 12 12 12
1 1 1 4 1 1 4 2 0 0 0 0 0 0 0 0 8 17 17 0 0 6 8 7 6 7 6 6 5 7 5 7 6 8 8 11 10 9 8 10 10 11 6 24 59 59 24 10 9 10 12 10 10 11 11 11 11 8 9 9 8 11 9 6 11 9 10 9 8 11 9 8 8 11 9 10 9 9 9 6 11 9 10 8 10 9 12 12 12 12 12 12 12 12 12 0
1 1 4 4 1 1 2 0 0 0 0 0 0 0 0 0 7 7 0 0 6 6 5 8 6 6 7 17 17 17 6 8 8 5 11 6 11 9 9 8 8 9 6 24 24 59 24 24 8 7 8 11 8 11 11 10 9 12 10 10 9 8 10 9 10 9 9 11 9 8 9 6 10 8 11 10 8 8 11 11 11 10 12 12 10 6 12 12 12 12 12 12 12 12 12 0
1 4 1 4 1 2 2 0 2 0 0 0 0 8 8 8 0 0 0 6 7 7 6 8 6 5 8 6 17 17 17 7 6 6 8 8 9 6 11 10 10 8 8 5 17 42 42 17 17 8 8 6 6 8 10 9 11 11 9 8 10 6 8 11 6 8 8 9 6 11 11 10 8 12 10 10 11 8 12 11 10 9 11 12 11 8 6 12 12 12 12 12 12 10 12 0
1 1 1 4 2 0 0 0 0 0 0 0 0 8 6 0 0 0 7 17 7 7 6 6 7 5 6 5 7 8 5 8 6 7 7 6 9 7 5 8 8 6 6 7 17 17 42 42 17 8 8 10 8 11 10 12 9 10 8 9 8 12 10 8 8 10 10 6 11 9 10 6 12 12 10 10 11 8 10 10 10 6 8 6 9 8 24 12 12 12 12 12 9 10 12 12
1 4 1 4 2 0 0 0 0 0 0 0 0 5 0 0 0 8 6 8 7 6 7 6 6 8 6 7 6 6 7 7 7 7 7 7 8 7 6 6 6 5 5 6 7 17 17 42 17 7 8 6 8 8 8 8 11 6 11 10 10 10 6 11 12 8 11 10 8 8 8 10 11 9 10 12 10 6 8 11 9 10 6 11 9 12 12 12 12 12 12 12 7 12 12 12
1 1 1 1 0 0 0 0 0 0 0 8 5 8 0 7 6 7 5 17 8 5 8 8 6 6 8 7 6 7 8 8 5 6 8 5 7 6 7 5 7 5 6 7 5 8 17 42 17 6 6 8 24 8 8 11 11 8 8 10 8 9 8 9 9 11 10 9 11 9 6 8 11 8 6 9 10 6 10 8 11 6 12 9 11 9 12 12 12 12 11 11 11 9 12 12
0 0 0 0 0 2 0 0 8 8 8 8 6 0 0 6 5 6 6 6 7 6 6 8 6 8 6 7 8 8 5 6 8 8 8 7 8 5 5 7 7 6 7 7 7 17 17 42 17 5 6 8 10 24 11 11 8 9 9 10 9 11 24 11 8 9 12 10 9 8 6 9 10 6 8 10 9 10 8 9 11 8 6 11 8 12 12 12 12 47 8 10 8 12 12 12
0 0 2 2 2 8 8 8 8 8 8 5 0 0 5 5 6 8 6 6 8 7 5 8 7 5 6 7 7 6 7 6 7 7 7 6 6 6 6 7 8 8 6 7 7 17 42 42 17 8 5 6 7 8 8 6 8 9 10 9 9 11 10 9 11 8 9 12 10 9 11 10 9 10 11 8 8 11 9 8 9 7 6 9 11 12 12 9 11 9 9 10 8 12 12 12
0 0 2 0 8 8 8 8 8 7 5 0 0 7 7 5 8 7 7 8 7 8 8 6 7 6 5 6 5 7 7 6 7 8 7 5 6 7 6 6 6 8 5 6 6 17 42 17 17 5 8 7 5 8 10 9 11 10 9 8 10 12 10 8 11 6 6 11 8 10 8 6 11 8 9 10 9 9 6 6 12 11 9 10 8 11 6 6 9 6 10 8 12 12 12 12
0 0 0 0 8 8 8 8 8 8 8 0 5 6 8 8 6 6 6 6 6 7 8 7 7 5 7 8 5 8 7 6 8 7 6 7 8 6 6 7 6 7 6 6 8 17 42 42 17 8 6 7 6 8 9 11 10 12 11 10 11 10 8 8 9 9 6 8 10 9 9 10 12 8 9 10 11 10 10 8 11 9 6 6 9 9 9 11 8 8 10 10 12 12 12 11
0 0 0 0 0 8 8 8 0 0 0 0 6 5 8 8 7 7 6 7 6 6 8 6 6 7 7 6 6 5 8 6 7 8 8 7 6 5 6 8 7 6 6 8 6 17 17 42 17 7 8 7 6 10 10 10 10 6 11 11 12 9 10 10 6 6 9 10 8 10 8 10 6 6 6 12 10 10 10 8 11 8 11 9 8 9 11 8 6 9 7 12 9 10 12 8
0 0 0 0 0 8 8 8 0 0 0 0 8 6 8 6 7 5 7 8 5 5 5 8 7 6 5 6 7 6 8 7 8 7 8 6 8 6 7 7 7 8 6 6 6 7 17 42 17 7 8 7 8 8 12 10 8 8 8 9 6 11 11 11 12 8 8 6 10 9 10 11 6 8 9 8 10 11 10 9 9 12 9 8 12 11 11 10 8 9 10 11 9 10 9 6
0 8 0 0 8 8 8 0 0 0 0 6 7 7 6 7 8 7 5 5 6 6 6 6 6 6 8 8 5 6 8 7 8 5 8 6 8 8 8 6 6 8 8 6 5 17 17 42 17 8 7 7 17 8 9 11 10 11 8 6 10 12 24 9 10 9 9 9 9 6 8 8 10 10 10 10 9 9 10 10 11 11 10 8 9 12 6 10 9 9 12 10 6 12 6 10
8 8 8 8 8 17 0 0 0 0 0 7 6 7 6 5 8 7 8 7 8 5 8 6 7 6 7 5 7 7 7 8 8 7 5 8 6 8 6 8 6 8 7 5 17 17 42 42 17 8 5 7 7 6 9 8 10 10 9 11 24 24 10 8 11 6 11 9 9 11 8 9 9 11 11 6 6 8 11 11 10 9 8 10 9 8 9 6 8 6 8 6 11 11 10 11
8 0 0 0 0 17 0 0 0 5 7 6 8 8 6 5 6 8 5 5 8 7 6 6 7 7 6 7 8 6 8 7 8 5 17 17 17 17 17 17 17 17 17 17 17 42 42 17 17 8 7 8 8 5 8 10 11 10 8 9 11 6 8 8 8 10 8 10 9 9 6 11 8 9 10 6 9 10 8 6 11 9 11 9 9 9 9 8 8 10 12 11 9 8 8 6
0 0 0 0 0 0 0 0 7 5 6 6 8 5 6 5 6 7 8 7 7 8 6 7 6 7 7 6 8 6 7 8 17 17 17 42 42 42 42 42 42 42 611 42 42 42 17 17 7 7 7 6 5 7 11 8 9 11 6 6 6 10 11 11 8 8 8 6 10 9 9 8 6 6 11 11 9 10 6 8 6 10 10 8 10 11 9 10 7 10 6 6 9 9 9 11
0 0 0 0 0 0 17 17 6 5 7 7 7 8 7 7 6 6 7 5 6 8 8 8 5 6 5 7 7 8 17 17 17 42 42 42 17 17 17 42 42 17 42 42 42 17 17 6 8 5 6 17 7 8 6 9 11 11 9 10 9 8 10 8 8 10 10 11 10 11 12 12 9 9 6 9 6 6 9 12 8 10 12 10 10 8 12 11 6 8 12 8 8 12 10 9
0 0 0 0 0 17 17 8 7 7 6 7 7 8 6 8 7 7 5 6 8 7 5 6 7 5 7 17 17 17 17 42 42 42 17 17 17 6 17 17 17 17 42 17 17 17 8 8 8 17 17 11 8 11 6 10 8 8 11 8 8 9 8 10 10 9 8 11 10 10 8 9 8 10 10 10 12 9 10 8 12 10 11 11 8 11 10 8 10 6 8 6 10 12 11 10
17 34 17 42 17 17 8 6 7 6 8 7 6 7 5 6 6 8 8 5 6 7 5 7 8 17 17 17 42 42 42 42 17 17 17 8 8 8 6 8 8 17 42 17 17 7 8 8 5 8 11 11 10 10 11 10 10 12 11 8 10 10 9 8 9 8 10 9 9 11 7 12 8 11 9 9 12 8 8 8 11 11 9 9 12 8 10 8 9 11 9 11 8 10 6 9
5 17 42 42 17 6 5 6 5 6 7 8 6 7 7 8 5 5 6 7 5 7 8 6 17 17 42 42 42 17 17 17 17 6 5 6 8 6 8 6 6 17 42 42 17 17 7 6 11 6 24 6 11 10 8 10 10 8 9 8 11 12 8 11 6 10 11 9 9 6 8 10 8 8 8 10 9 8 8 9 6 9 10 8 10 9 9 9 8 12 10 10 9 8 12 12
8 17 42 17 17 8 7 8 5 5 6 7 6 6 5 6 8 5 5 6 8 8 7 17 17 42 42 17 17 17 8 8 8 8 7 6 8 8 8 6 7 17 17 42 42 17 24 8 11 11 6 8 9 9 8 9 9 24 11 11 12 8 6 10 11 10 12 8 11 10 11 9 12 11 9 8 10 8 6 9 10 12 12 11 9 8 11 12 9 12 8 10 8 8 12 10
8 17 42 42 17 17 7 7 6 5 6 6 8 7 7 5 8 8 8 6 7 8 17 17 42 42 17 17 7 8 7 6 8 5 8 6 8 7 6 5 8 6 17 17 59 59 24 24 10 10 11 12 11 10 8 9 9 9 10 11 6 10 24 9 11 24 11 6 10 9 11 10 12 8 11 9 10 9 8 11 11 10 10 9 9 10 12 8 9 8 10 8 11 9 12 10
7 17 17 42 42 17 6 6 17 5 7 8 6 6 6 5 8 6 8 5 8 17 17 42 42 17 17 6 7 5 6 6 6 7 7 8 7 5 8 7 7 8 9 24 24 59 59 24 6 9 10 9 9 8 8 11 9 10 11 10 9 8 8 6 8 9 6 6 9 9 8 24 8 9 24 6 10 10 9 9 11 9 11 9 8 10 9 8 9 9 8 8 10 9 11 9
8 6 17 17 42 17 17 8 17 7 7 8 7 8 6 6 8 7 7 8 17 17 42 42 17 17 7 8 7 7 7 6 7 8 8 6 6 8 6 8 8 12 11 10 24 24 59 24 24 24 8 7 6 11 12 12 12 11 11 10 11 8 8 9 11 9 10 10 6 9 6 10 10 8 47 24 24 6 8 12 11 10 9 6 8 10 11 9 8 9 10 6 12 11 8 9
5 8 8 17 42 42 17 7 6 8 7 8 6 8 7 7 8 7 8 7 17 42 42 17 17 8 8 5 8 6 5 7 6 5 5 6 5 5 8 8 9 8 8 10 11 24 59 59 59 24 24 24 24 9 11 9 6 8 6 11 11 8 8 12 6 9 10 8 10 10 11 9 10 9 9 10 6 8 10 11 11 9 8 8 11 10 10 8 11 8 6 12 6 9 10 8
8 7 8 17 17 42 17 8 8 8 8 8 5 8 6 6 8 7 7 17 17 42 34 17 6 7 8 7 6 8 6 7 7 8 6 7 8 10 8 9 9 11 8 9 12 24 24 24 59 59 59 59 24 24 24 10 6 11 12 11 8 9 9 9 10 8 10 8 11 24 10 10 8 11 8 9 24 8 8 6 9 9 9 11 8 10 8 9 8 10 8 8 8 11 9 11
6 8 6 6 17 42 17 17 8 6 7 6 8 7 7 6 8 8 7 17 42 84 34 7 8 7 6 5 6 8 7 6 7 5 7 5 9 11 9 8 10 10 11 6 9 6 10 24 24 24 24 59 59 59 24 24 24 12 8 8 10 6 10 10 10 6 9 9 10 24 9 8 8 8 9 6 8 9 6 10 6 12 10 8 10 7 8 8 9 10 6 9 8 10 10 8
6 7 8 6 17 42 42 17 17 7 6 7 5 5 5 7 8 8 7 17 42 34 17 6 7 6 8 7 7 8 8 7 8 8 8 11 11 8 8 6 8 8 8 9 9 11 12 11 6 10 24 24 24 59 59 59 24 24 9 9 11 8 11 8 8 9 9 8 9 24 8 9 9 6 10 10 9 8 11 8 11 11 9 12 11 11 9 8 9 9 6 11 11 9 6 8
7 6 5 7 17 17 42 42 17 17 5 6 7 7 7 5 6 5 7 17 42 17 8 7 8 5 6 7 8 6 6 6 8 8 6 10 10 10 8 11 11 12 9 11 10 6 6 10 9 10 9 11 24 24 24 59 59 24 10 8 9 10 6 8 10 10 8 9 6 11 11 11 24 11 10 8 10 11 6 11 10 11 11 10 6 9 8 10 8 12 9 11 9 10 10 6
6 5 8 6 6 17 17 42 42 17 6 6 7 8 6 6 7 5 6 17 42 17 7 5 7 5 6 6 7 8 5 7 6 11 7 9 11 10 6 6 10 11 9 10 9 8 11 10 9 10 9 8 10 9 24 24 59 24 9 10 10 9 10 6 9 10 9 11 10 8 8 6 9 9 11 12 9 9 9 10 9 11 12 10 11 6 10 8 10 9 11 47 24 11 6 10
8 5 5 8 7 6 17 17 42 17 17 7 7 7 6 8 6 7 7 17 42 17 6 7 8 6 8 5 8 6 6 6 5 6 9 6 9 8 11 9 9 10 10 9 12 8 8 10 9 6 10 11 6 10 11 24 59 24 24 9 11 8 7 9 8 9 10 11 10 9 8 9 9 11 6 11 8 9 8 9 9 8 9 8 8 9 10 9 10 11 11 6 10 10 24 24
5 8 6 7 7 7 7 17 42 42 17 17 5 7 5 5 8 5 17 17 42 17 7 7 8 8 7 6 5 6 5 7 10 11 10 11 8 10 9 8 11 12 11 11 11 6 11 8 9 11 12 9 10 10 10 24 59 59 24 24 10 11 9 10 9 10 11 11 10 8 6 6 8 11 8 8 6 10 10 8 12 8 9 6 9 8 8 10 8 8 7 6 24 24 24 59
6 5 8 7 8 7 5 34 17 42 42 17 8 5 5 8 6 6 17 42 42 17 5 7 7 5 6 6 6 6 7 7 11 8 8 8 10 9 10 11 9 11 6 11 8 9 6 8 9 9 10 6 11 9 9 24 24 59 59 24 24 6 12 6 10 8 9 9 10 9 11 8 9 8 11 11 10 11 11 8 11 10 10 10 10 10 10 10 10 8 24 24 24 59 59 59
6 8 6 7 6 6 8 8 17 17 42 17 17 17 6 8 8 17 17 611 17 17 8 7 7 8 5 8 8 5 7 11 11 8 9 12 11 9 8 9 8 9 8 10 8 9 9 8 10 9 9 10 8 9 10 8 24 24 59 59 24 24 11 11 10 8 11 12 8 10 11 9 8 9 8 10 8 12 12 9 9 8 8 24 10 8 11 6 9 24 24 59 59 59 24 24
5 7 7 6 7 7 5 8 6 17 42 42 42 17 17 17 6 17 42 42 42 17 17 5 7 7 8 6 5 7 6 11 9 8 6 9 9 12 9 8 12 9 10 10 7 9 9 9 6 11 11 10 8 8 12 10 6 24 24 59 59 24 8 11 8 8 11 8 6 8 6 9 10 12 10 10 9 8 10 11 9 8 24 24 24 24 9 24 24 24 59 59 24 24 24 10
8 8 7 6 6 7 6 7 8 17 17 17 42 42 42 17 17 17 42 17 42 42 17 17 5 6 6 6 5 7 8 8 8 9 10 9 11 11 10 9 8 10 8 11 8 10 11 9 6 6 6 9 11 10 11 10 10 11 24 24 59 24 12 9 9 10 8 8 9 10 10 8 8 8 8 10 11 11 8 10 9 11 9 9 11 6 24 24 59 59 59 24 24 10 8 10
8 6 5 6 7 5 7 5 8 7 5 17 17 17 42 42 42 42 42 17 17 42 42 17 17 5 6 8 7 8 11 6 8 6 6 9 6 9 11 9 9 9 10 9 12 11 8 10 10 11 9 10 9 11 9 9 9 9 11 24 860 24 10 9 7 12 11 10 11 11 11 8 12 8 9 10 8 11 11 11 10 10 11 10 24 24 24 59 59 24 24 24 6 11 11 8
8 6 5 6 7 8 6 6 7 8 7 7 7 17 17 17 42 42 17 17 17 17 42 42 17 7 6 6 6 6 11 12 12 11 6 11 11 8 6 8 10 9 8 12 10 6 8 11 8 10 6 11 9 9 10 8 11 8 8 24 59 24 24 10 9 10 11 9 11 6 8 11 8 10 7 11 10 11 8 8 9 10 24 24 24 59 59 59 24 24 10 11 10 9 8 7
5 7 8 6 7 7 7 8 8 5 8 7 8 6 17 17 42 17 17 8 8 17 17 42 17 17 5 6 7 8 8 6 11 11 8 6 11 10 9 9 6 10 11 10 8 11 11 9 10 8 6 11 6 11 8 12 8 6 9 24 59 59 24 24 10 9 8 10 12 10 10 10 9 12 10 9 9 8 8 9 24 24 24 59 59 59 24 24 24 6 11 8 6 10 6 18
8 5 8 6 8 8 7 6 6 8 7 8 6 6 17 42 42 17 6 6 5 6 17 42 42 17 6 5 6 5 6 11 12 12 11 6 11 11 11 11 11 9 10 9 8 10 10 11 9 8 6 6 9 11 8 10 9 9 11 24 24 59 119 24 11 11 10 10 9 8 11 11 10 10 10 9 11 11 10 6 24 59 59 59 24 24 24 6 12 11 10 10 9 6 18 18
7 7 8 6 6 5 6 8 6 6 7 6 5 17 17 42 17 17 8 8 6 7 17 17 42 17 17 5 8 7 11 8 6 8 11 8 10 6 11 11 8 10 10 6 9 8 10 10 6 8 10 8 9 10 10 10 11 10 11 10 24 24 59 24 11 11 10 9 10 11 8 6 10 6 8 10 6 8 8 24 24 59 24 24 24 10 8 10 7 10 8 12 5 7 18 44
17 17 6 7 8 5 6 6 6 6 6 6 7 17 42 42 17 7 6 8 6 8 8 17 42 42 17 7 7 6 12 11 10 10 8 8 11 9 11 10 11 11 9 11 6 10 12 10 8 8 8 11 11 8 8 8 9 10 24 24 24 24 59 24 10 8 8 11 6 10 10 10 9 8 11 10 10 6 10 24 59 59 24 9 10 12 12 11 12 10 8 8 7 9 18 256
42 17 17 17 6 7 6 8 5 8 6 5 17 17 42 17 17 6 7 7 6 6 6 17 17 42 17 17 8 6 11 6 8 8 10 10 9 8 9 9 11 8 11 10 10 9 9 9 8 9 11 10 6 11 6 11 10 11 24 59 59 59 59 24 24 11 9 10 8 6 10 10 9 11 8 11 11 7 10 24 59 24 24 11 9 8 11 8 8 7 4 8 6 7 7 8
42 42 42 17 7 7 5 6 5 5 8 7 17 42 42 17 7 8 8 8 8 7 7 6 17 42 42 17 5 8 9 8 11 11 10 11 9 11 9 10 11 10 9 6 8 12 6 9 9 10 10 12 12 11 10 12 10 24 24 59 24 59 59 59 24 24 9 24 24 24 11 10 8 9 10 8 10 10 24 24 59 24 9 11 9 9 9 10 9 7 9 7 5 6 8 6
17 17 42 17 17 8 5 8 6 7 7 6 17 38 17 17 6 6 5 6 7 6 7 7 17 17 42 17 17 8 11 8 11 10 9 6 10 8 6 11 10 10 6 11 8 8 9 8 8 8 11 10 11 9 11 9 24 24 59 59 24 24 24 59 59 24 24 24 59 24 24 24 24 24 11 10 11 24 24 59 59 24 10 7 11 10 12 6 6 6 6 8 8 6 6 8
8 17 42 42 17 17 5 5 5 5 8 8 17 38 17 6 7 7 5 6 5 7 7 6 6 17 42 42 17 17 24 24 9 10 9 11 9 11 11 7 11 10 9 9 24 6 8 9 10 9 8 11 9 11 11 24 24 59 59 24 24 8 24 24 59 59 59 59 59 59 59 59 59 24 24 24 24 24 59 59 24 24 11 10 12 10 9 6 4 7 9 8 8 8 6 8
8 17 17 42 42 17 17 6 7 8 6 8 15 38 17 6 7 7 8 5 6 6 5 8 5 17 17 42 42 42 59 24 24 24 10 11 12 9 9 6 9 9 11 8 11 10 9 12 9 11 11 6 24 24 24 24 59 59 24 24 8 8 8 24 24 24 24 24 24 24 24 24 59 59 59 24 24 59 59 24 24 12 9 10 8 9 7 7 8 5 8 8 6 8 8 6
5 8 17 17 42 42 17 17 8 8 8 8 15 38 17 8 5 7 8 7 8 6 7 6 8 7 17 17 17 17 59 59 59 24 24 24 11 10 6 8 9 24 24 24 24 24 24 24 24 24 24 24 24 59 59 59 59 24 24 11 8 8 12 9 11 6 6 6 11 8 10 24 24 24 59 59 59 59 24 24 6 9 9 11 7 7 8 7 9 7 7 9 9 6 6 8
6 7 7 17 17 42 42 17 5 5 5 8 15 38 17 6 6 5 7 8 6 7 8 7 7 5 6 8 8 24 24 24 59 59 59 24 24 7 24 24 24 24 59 59 59 59 59 59 59 59 59 59 59 59 24 24 24 24 10 8 11 8 10 8 11 9 8 8 12 8 6 10 8 24 24 24 24 24 24 7 10 6 8 7 6 7 8 7 4 6 6 6 7 7 7 6
6 7 6 7 17 17 42 17 8 7 5 8 15 38 15 8 7 7 5 5 8 6 6 7 6 5 7 7 11 9 6 24 24 24 59 59 24 24 24 59 59 59 59 24 24 24 24 24 24 24 24 24 24 24 24 11 9 10 12 9 9 11 11 8 8 8 11 9 10 11 6 11 12 8 12 10 10 8 8 10 10 8 7 8 8 6 6 7 6 4 8 7 6 8 6 8
6 6 6 6 6 17 42 17 8 7 5 17 15 38 15 8 8 8 7 7 6 8 7 6 6 6 11 11 8 9 12 8 8 24 59 59 59 59 24 59 24 24 24 24 8 9 10 8 11 12 10 10 6 8 8 6 6 10 10 9 8 11 8 8 10 11 9 8 8 8 9 8 10 8 9 10 6 8 11 9 11 7 6 6 7 7 7 7 9 6 7 4 8 8 8 7
6 5 5 7 7 17 42 17 17 8 7 17 38 38 15 8 8 8 8 8 8 6 7 6 10 9 11 11 11 11 11 6 11 24 59 24 24 59 59 59 24 9 6 11 11 9 11 11 12 8 10 9 11 9 9 8 10 10 9 9 8 6 10 10 6 10 8 8 6 11 10 8 9 8 8 8 6 10 9 8 9 8 9 7 6 6 6 7 6 6 8 6 6 6 4 7
6 7 6 7 5 17 42 42 17 17 5 17 38 15 15 8 8 8 8 7 6 8 8 10 9 10 11 11 11 11 11 11 24 24 59 24 24 24 24 21 21 11 11 10 9 9 10 12 11 8 11 10 8 11 11 9 11 8 8 8 10 8 10 9 10 6 10 10 6 9 10 10 7 9 9 10 11 10 6 8 7 7 7 7 9 8 6 6 6 8 7 7 9 7 8 7
8 7 5 5 8 17 17 42 42 17 17 17 42 15 8 8 8 8 8 8 8 8 8 12 6 9 11 11 11 11 11 11 24 59 59 24 11 6 8 11 11 9 6 9 9 9 10 8 9 10 11 11 11 11 12 10 8 9 10 11 6 12 12 10 9 11 9 8 9 6 10 8 8 11 9 10 9 8 8 6 8 9 8 9 6 8 6 6 6 8 6 9 7 4 4 7
6 8 8 7 5 8 17 17 42 15 17 42 42 15 8 8 8 8 8 8 8 10 10 8 8 11 11 11 11 11 11 21 24 59 24 24 10 11 10 11 11 11 9 12 10 10 10 10 9 11 9 8 10 11 10 11 9 11 12 9 6 9 10 8 10 10 10 8 11 11 10 8 11 8 5 4 6 8 7 7 6 8 7 8 6 6 9 4 7 9 6 7 7 9 8 6
7 7 6 6 7 7 6 17 38 17 17 42 17 15 8 8 8 8 8 8 6 8 10 11 11 11 11 11 11 11 21 21 59 59 24 10 11 11 9 11 11 11 10 11 10 8 6 8 11 10 8 10 8 10 8 12 11 9 8 8 9 10 9 6 11 11 10 6 9 10 11 9 7 7 6 5 8 9 8 8 7 8 8 8 9 7 4 8 8 7 8 6 9 9 9 8
6 6 8 5 6 6 8 17 42 42 17 42 17 8 8 8 8 8 8 8 11 11 11 11 11 11 11 11 11 11 21 53 59 21 21 11 11 11 9 11 11 11 11 11 11 9 8 11 10 9 8 6 10 6 12 10 11 9 11 11 9 12 10 6 9 9 6 6 9 6 6 7 18 9 6 6 8 8 9 6 7 6 7 8 6 8 8 7 7 6 9 7 8 7 7 4
8 8 5 7 5 6 6 17 17 42 17 42 17 8 8 8 8 8 8 8 11 11 11 11 11 11 11 11 11 21 21 59 21 21 11 11 11 10 9 11 11 11 11 11 11 10 10 8 9 8 10 11 10 9 11 10 10 9 10 9 6 9 6 6 7 9 8 9 6 8 6 6 6 8 8 4 8 8 6 7 6 8 7 9 4 6 7 7 7 8 7 6 7 8 7 8
6 8 8 7 6 6 6 8 17 42 42 42 17 8 8 8 8 8 8 11 11 11 11 11 11 11 11 11 21 21 53 53 21 11 11 11 11 6 10 11 11 11 11 11 11 11 8 8 8 11 9 10 8 8 9 8 8 8 6 9 8 4 9 7 9 9 8 4 7 7 7 8 4 8 9 6 8 7 6 7 6 8 4 7 7 6 8 8 6 6 9 6 8 7 6 7
8 7 6 6 8 5 7 5 17 17 42 42 17 8 8 8 8 8 8 11 11 11 11 11 11 11 11 21 21 53 53 21 21 11 11 9 8 11 10 11 11 11 11 11 11 11 11 8 6 9 11 9 6 10 9 6 7 9 8 8 4 8 6 7 6 6 9 6 8 4 6 7 6 6 9 7 7 7 6 8 9 6 6 6 8 8 6 7 8 7 8 7 8 8 9 6
6 8 5 7 6 7 6 5 7 15 38 42 17 8 8 8 8 8 8 11 11 11 11 11 11 11 11 21 53 53 21 21 11 10 9 6 10 8 10 11 11 11 11 11 11 11 11 11 11 11 11 9 10 9 6 8 9 7 6 7 7 9 7 7 7 7 7 7 9 8 7 6 9 8 8 7 6 7 8 8 7 7 7 6 6 8 7 6 8 4 5 9 8 7 8 6
17 17 17 17 17 17 17 17 15 15 552 17 15 8 7 7 8 8 11 11 11 11 11 11 11 21 21 21 53 42 42 11 6 11 6 11 9 9 8 9 11 11 11 11 11 11 11 11 11 7 10 8 9 7 9 4 8 7 8 8 8 6 8 7 7 8 7 7 7 4 8 6 6 8 4 7 6 7 35 7 7 6 4 4 7 9 7 9 4 8 9 7 7 4 6 8
42 42 42 42 38 38 38 38 38 38 38 38 15 15 7 7 8 8 21 21 21 21 21 21 21 21 53 53 53 21 10 12 10 11 10 9 10 11 10 8 11 11 11 11 11 11 11 11 11 11 8 6 7 7 8 8 8 6 6 4 5 6 6 9 6 9 7 7 4 9 9 9 7 8 9 7 9 35 5 7 6 6 7 8 9 8 7 8 6 7 8 7 8 8 6 8
17 17 17 17 15 15 38 38 15 15 15 38 38 15 15 8 15 21 21 53 53 53 53 53 53 53 53 21 24 24 10 11 11 8 8 9 8 10 11 11 11 11 11 12 8 9 11 11 7 10 6 7 7 4 7 7 7 4 7 6 9 8 7 9 8 6 8 9 6 9 7 7 8 7 6 9 18 18 6 7 7 8 8 8 8 8 7 5 6 8 9 7 8 6 6 6
7 8 8 8 8 15 15 15 15 8 15 15 38 38 15 15 15 53 53 53 21 21 21 21 21 53 21 21 10 10 6 12 9 9 11 8 11 10 10 10 11 11 11 11 11 11 9 11 6 4 7 6 8 6 6 8 8 7 6 6 6 8 8 8 7 8 8 6 6 8 6 8 4 6 6 8 8 18 18 35 6 9 7 6 7 6 8 18 8 8 6 6 7 6 7 5
8 7 8 8 8 8 8 8 8 8 8 15 15 38 15 15 38 53 21 21 21 11 11 21 53 53 21 11 11 8 10 11 11 8 6 8 11 9 11 11 11 11 11 11 11 9 11 9 7 8 7 8 8 6 4 7 4 8 8 9 6 7 7 6 7 7 6 7 6 9 6 7 7 7 6 8 8 8 6 18 8 8 7 7 6 7 6 18 18 18 6 6 8 7 6 4
5 6 8 8 8 8 8 8 8 8 8 8 15 38 38 38 38 21 21 11 11 11 11 21 53 24 24 11 12 11 8 8 10 8 8 12 9 8 9 9 12 11 11 11 6 8 8 6 8 6 8 9 7 7 7 9 7 8 7 9 8 6 8 7 7 6 6 6 7 7 9 8 8 6 8 6 8 6 7 8 6 6 7 7 7 9 8 18 18 9 6 7 7 7 7 6
6 8 8 8 8 8 8 8 8 8 8 8 15 15 38 15 21 21 11 11 11 11 21 24 59 24 11 10 8 9 24 6 8 8 8 10 9 10 11 6 6 4 8 8 4 9 8 8 7 8 6 7 8 8 7 7 6 8 8 6 8 6 7 7 6 7 8 8 6 6 8 6 6 7 6 8 8 7 6 7 7 9 4 6 4 4 9 18 18 6 6 6 7 8 9 8
8 5 8 8 8 8 8 8 8 8 8 8 8 15 15 15 8 11 11 11 11 11 24 59 59 24 9 9 10 12 8 9 8 11 9 7 6 6 5 9 8 8 8 8 9 5 7 6 7 9 5 6 6 6 6 6 7 6 6 7 7 8 6 8 6 6 8 7 8 7 8 8 6 8 7 4 8 7 7 9 6 7 6 6 6 6 18 18 6 8 7 8 4 6 4 8
