data/GZLandScanAscii.txt
NCOLS 128
NROWS 232
XLLCORNER 112.6807
YLLCORNER 21.71365
CELLSIZE 0.008333333
NODATA_VALUE -9999
[rows 168 to 209 of 232, columns 0 to 94 of 128]
55 112 778 53 53 63 63 80 76 214 585 714 14107 21071 4267 1943 644 593 352 198 176 198 132 2243 80 4 8 0 0 15 0 0 0 0 15 15 9 12 2 21 21 17 21 87 10 16 174 150 -9999 57 27 3 21 5 2 21 70 2437 201 100 130 426 42 30 0 15 1 6 18 27 33 53 44 53 267 120 213 3092 190 15 1696 21 -9999 102 163 109 109 109 1574 109 217 85 271 326 326
24 67 94 112 80 778 63 44 112 21 484 410 844 19283 1329 658 658 593 395 219 176 176 79 2263 112 80 15 0 8 4 3 3 0 0 0 1 9 3 2 5 15 58 15 15 20 8 174 188 -9999 32 3 2 1 21 21 15 104 281 668 2838 190 359 334 4 0 1 21 24 24 30 1022 0 332 59 284 190 213 213 680 158 56 38 -9999 -9999 23 136 1574 109 163 102 271 299 93 326 353
39 24 53 1136 94 94 93 80 127 132 308 116 322 252 322 380 2428 188 352 241 241 159 137 79 53 79 22 20 7 71 3 3 3 8 3 3 2 5 5 15 27 3 15 15 15 24 902 2606 -9999 8 3 15 3 3 15 121 3991 902 666 80 128 2939 505 107 44 4 0 24 8 38 104 213 87 244 373 249 231 33 19900 204 305 2789 6 11 -9999 64 217 190 122 326 326 326 326 326 6215
98 39 18 25 53 53 94 44 127 132 205 228 165 103 176 174 201 254 206 234 330 241 157 98 44 34 34 15 5 0 3 3 3 0 8 3 3 1 1 15 2 21 15 15 15 20 32 579 34 523 5 4 3 24 66 32 7 691 1185 231 205 332 334 174 103 39 24 7 30 51 3768 426 192 212 347 80 237 5354 580 3074 1053 856 167 45 11 -9999 2113 299 83 90 289 4198 289 326 190
241 98 26 24 63 63 112 53 93 1854 241 143 94 55 76 72 68 36 135 87 159 3797 127 116 44 44 15 5 15 3 8 3 3 8 0 2 3 3 1 1 0 15 15 5 15 21 4 5 501 -9999 30 423 87 82 20 111 126 1711 205 1868 126 126 253 5082 205 115 90 47 71 142 263 4264 735 150 90 4995 359 244 3109 190 213 1777 20374 197 40 23 14 178 72 102 326 127 199 326 190
3836 174 49 7 15 94 55 44 127 159 254 127 98 63 63 116 25 31 55 87 127 190 159 116 79 44 15 19 34 15 15 3 3 0 3 0 1 15 15 3 15 15 15 15 15 20 5 48 144 -9999 -9999 5 28 111 16 20 71 115 284 36 28 103 128 5153 205 195 152 41 38 41 159 385 1512 23556 1000 749 163 231 38 190 2748 190 3092 1777 296 28 3 420 94 71 326 326 451 396 3495
198 395 254 6 49 127 44 79 108 214 143 127 63 53 63 80 98 103 159 157 195 3394 143 157 1131 63 24 5 3 3 5 0 5 15 15 2 5 5 5 5 3 5 9 21 38 32 48 191 14890 -9999 -9999 -9999 18 71 3 33 49 89 160 39 76 142 83 80 74 47 47 79 59 41 19 89 1833 9333 14734 39 231 190 107 107 190 190 40 24 1777 74 71 -9999 28 153 362 172 167 40 51
127 143 254 241 732 127 55 112 121 241 135 93 53 31 53 55 39 3375 159 2283 234 3375 127 94 137 87 19 15 8 3 5 5 3 15 1 0 5 5 15 1 5 9 4 5 17 16 4234 192 181 -9999 -9999 -9999 11 71 178 284 515 4675 61 33 69 39 39 115 62 6 8 24 24 39 49 62 213 1284 2634 1018 13 107 348 99 40 3092 6023 267 1579 296 -9999 -9999 -9999 25 470 226 9 26 1705
116 176 157 195 241 76 42 127 206 128 127 67 63 53 11 24 21 214 161 234 195 2263 112 19 67 1556 15 15 3 3 5 15 0 0 1 1 1 1 1 2 5 1 9 30 6115 432 402 -9999 -9999 -9999 -9999 -9999 -9999 40 142 462 282 195 47 111 30 55 32 22 10 6 3 24 8 30 59 9 101 409 1324 370 -9999 21 21 -9999 13 120 213 25 120 278 -9999 -9999 -9999 11 24 35 5 21 195
116 53 112 157 352 206 39 55 285 2307 127 137 44 3 7 67 108 161 234 190 143 93 94 49 22 42 24 19 24 3 8 15 0 15 9 2 14 9 9 9 2 47 32 342 312 359 -9999 -9999 -9999 -9999 -9999 -9999 -9999 18 126 3734 142 302 68 124 205 12 32 49 25 205 41 83 36 63 67 1177 569 205 83 691 -9999 -9999 -9999 -9999 -9999 133 373 -9999 17 21 -9999 -9999 -9999 -9999 9 253 1058 925 675
44 53 63 157 195 312 76 154 174 108 67 67 80 4 44 116 135 161 161 109 87 67 44 14 19 19 4 15 3 15 3 5 5 5 1 9 9 3 1 1 14 17 12 421 107 -9999 -9999 -9999 -9999 -9999 -9999 -9999 -9999 11 103 231 284 332 6272 505 249 26 10 21 89 426 355 47 59 59 109 231 195 2097 89 -9999 -9999 -9999 -9999 -9999 -9999 -9999 32 -9999 -9999 -9999 -9999 -9999 -9999 -9999 -9999 -9999 -9999 886 42
19 25 79 94 135 395 390 143 108 42 24 7 93 79 79 108 159 190 161 135 94 36 14 24 10 15 34 0 14 8 5 0 0 5 5 2 5 3 3 27 3 2 265 501 -9999 -9999 -9999 -9999 -9999 -9999 -9999 -9999 -9999 -9999 234 142 142 142 231 379 109 35 16 53 146 10377 500 284 462 258 295 160 124 89 72 7 -9999 -9999 -9999 -9999 -9999 -9999 -9999 -9999 -9999 -9999 -9999 -9999 -9999 -9999 -9999 -9999 -9999 -9999 -9999
19 44 34 94 143 241 241 127 112 19 19 53 67 137 2503 157 234 190 219 108 80 63 53 4 19 19 19 24 11 4 0 5 0 0 0 1 5 5 11 1 2 70 786 -9999 -9999 -9999 -9999 -9999 -9999 -9999 -9999 -9999 -9999 -9999 28 40 124 126 178 363 2476 36 63 204 5277 338 249 71 71 190 90 142 89 63 1185 21 83 -9999 68 38 8 15 -9999 -9999 -9999 -9999 -9999 -9999 -9999 -9999 -9999 -9999 -9999 -9999 -9999
7 44 24 55 157 206 176 157 34 24 24 44 87 87 176 176 234 174 157 93 36 63 24 15 3 6 3 4 4 8 3 5 0 15 0 0 6 6 17 20 12 432 150 -9999 -9999 -9999 -9999 -9999 -9999 -9999 -9999 -9999 -9999 -9999 19 40 142 231 284 462 284 205 71 320 257 213 65 87 89 142 107 89 71 227 42 83 142 32 9 47 41 -9999 -9999 -9999 -9999 -9999 -9999 -9999 -9999 -9999 -9999 -9999 -9999 -9999 -9999
852 4 4 2 43 19 312 127 19 11 0 79 154 176 2546 198 263 176 112 1807 11 24 19 4 3 2 4 11 14 11 8 5 8 0 3 26 39 4 7 72 716 17 -9999 -9999 -9999 -9999 -9999 -9999 -9999 -9999 -9999 -9999 -9999 -9999 3 71 142 3670 17 64 47 63 158 490 426 192 16 71 2008 107 89 71 1031 222 71 81 675 169 61 3464 15 -9999 -9999 -9999 -9999 -9999 -9999 -9999 -9999 -9999 -9999 -9999 -9999 -9999 -9999
42 116 3 4 42 55 312 39 11 0 4 176 176 3797 263 263 3818 176 109 53 6 14 19 44 8 2 5 11 5 8 0 0 0 26 17 44 63 5618 285 495 17 -9999 -9999 -9999 -9999 -9999 -9999 -9999 -9999 -9999 -9999 -9999 -9999 -9999 3 71 27 62 14 47 41 47 256 107 373 4299 71 63 60 58 124 18 32 71 675 81 844 1276 111 98 -9999 -9999 -9999 -9999 -9999 -9999 -9999 -9999 -9999 -9999 -9999 -9999 -9999 -9999 4
6 108 93 935 108 2726 98 6 0 3 37 198 263 234 219 241 263 176 132 87 36 36 19 8 3 0 8 11 0 0 0 0 0 12 38 395 214 219 33 154 -9999 -9999 -9999 -9999 -9999 -9999 -9999 -9999 -9999 -9999 -9999 -9999 -9999 -9999 40 17 36 462 316 10 11 16 202 373 213 107 71 40 79 617 24 42 63 81 81 81 2330 81 60 -9999 -9999 -9999 -9999 -9999 -9999 -9999 -9999 -9999 -9999 -9999 -9999 -9999 -9999 -9999 -9999
9 4 87 137 127 135 79 4 8 24 116 219 263 176 176 195 263 198 116 79 63 19 53 15 19 24 4 3 0 0 3 8 137 219 352 219 176 176 70 34 -9999 -9999 -9999 -9999 -9999 -9999 -9999 -9999 -9999 -9999 -9999 -9999 -9999 19 50 142 160 58 58 59 7 1025 515 178 107 63 1031 63 231 83 24 61 71 14 81 108 90 61 16 -9999 -9999 -9999 -9999 -9999 -9999 -9999 -9999 -9999 -9999 -9999 -9999 -9999 -9999 -9999 -9999
44 6 4 53 176 195 214 6 2 4 17 3775 263 176 132 244 263 127 116 87 79 63 63 6 3 4 11 0 3 3 34 11 29 254 352 157 132 79 137 46 -9999 -9999 -9999 -9999 -9999 -9999 -9999 -9999 -9999 -9999 -9999 -9999 7 40 80 142 320 128 602 55 142 284 409 158 126 63 89 95 9032 296 72 81 81 18 81 437 46 71 4 -9999 -9999 -9999 -9999 -9999 -9999 -9999 -9999 -9999 -9999 -9999 -9999 -9999 -9999 -9999 -9999
44 24 8 79 132 135 154 19 5 11 112 219 263 176 132 198 330 292 176 80 67 15 24 19 34 4 3 15 0 2 2 11 8 214 219 176 87 87 732 -9999 -9999 -9999 -9999 -9999 -9999 -9999 -9999 -9999 -9999 -9999 -9999 -9999 62 107 142 284 231 90 44 95 89 126 205 253 142 124 1066 142 764 49 127 81 101 73 71 101 72 81 -9999 -9999 -9999 -9999 -9999 -9999 -9999 -9999 -9999 -9999 -9999 -9999 -9999 -9999 -9999 -9999 -9999
44 31 63 79 116 157 234 50 6 6 127 241 263 176 109 219 7571 439 274 87 34 4 30 19 34 4 3 4 14 34 3 14 25 3512 198 116 87 87 137 -9999 -9999 -9999 -9999 -9999 -9999 -9999 -9999 -9999 -9999 -9999 -9999 -9999 119 573 44 4549 43 33 142 124 124 142 160 320 5028 142 107 142 222 160 42 73 17 630 8 81 61 18 -9999 -9999 -9999 -9999 -9999 -9999 13 -9999 -9999 -9999 -9999 -9999 -9999 -9999 -9999 -9999 -9999
44 53 79 63 63 154 2546 206 87 28 108 3818 219 176 79 195 333 484 214 176 222 10 51 34 0 34 3 3 8 4 4 108 6211 352 176 109 87 67 77 -9999 -9999 -9999 -9999 -9999 -9999 -9999 -9999 -9999 -9999 -9999 -9999 -9999 1638 27 36 36 36 1599 231 160 178 231 284 173 160 142 1139 126 103 518 74 28 7 3 40 3 289 -9999 -9999 -9999 -9999 -9999 -9999 53 28 -9999 -9999 -9999 -9999 -9999 13 -9999 4 -9999 -9999
4 79 34 63 8 34 154 157 206 352 263 263 198 132 87 157 1024 484 429 397 390 234 98 44 24 15 30 67 29 108 127 219 6321 2568 157 79 79 121 69 -9999 -9999 -9999 -9999 -9999 -9999 -9999 -9999 -9999 -9999 -9999 -9999 -9999 7 4 0 36 18 27 284 320 959 267 80 0 60 142 142 126 126 17 132 -9999 117 24 3 60 -9999 -9999 4 1 2 3 5 123 12 -9999 8 13 -9999 -9999 7 1 4 -9999 -9999
44 53 34 0 19 36 79 137 108 263 6277 198 176 109 87 109 263 390 7549 527 417 219 157 127 68 157 157 143 195 195 234 263 263 241 176 154 73 109 137 -9999 -9999 -9999 -9999 -9999 -9999 -9999 -9999 -9999 -9999 -9999 -9999 -9999 -9999 -9999 -9999 -9999 0 7 27 178 160 39 0 0 69 2079 160 87 5 10 14 -9999 4 32 6 37 4 70 252 0 7 17 56 76 27 11 54 5 -9999 -9999 -9999 -9999 -9999 -9999 -9999
79 53 67 87 127 108 157 127 157 176 395 195 157 98 79 79 176 2634 263 241 263 274 263 263 263 263 263 263 234 263 241 219 176 263 241 219 198 176 325 -9999 -9999 -9999 -9999 -9999 -9999 -9999 -9999 -9999 -9999 -9999 -9999 -9999 -9999 -9999 -9999 -9999 -9999 -9999 0 0 0 0 0 37 71 160 49 32 79 18 0 -9999 -9999 -9999 8 -9999 4 13 10 7 640 28 92 17 4 21 -9999 -9999 -9999 -9999 -9999 -9999 -9999 -9999 -9999
1838 127 29 121 312 352 352 6277 263 176 285 395 198 176 109 34 67 2224 109 176 219 312 195 219 219 219 219 176 2546 176 176 157 2546 198 3394 161 3394 132 121 76 -9999 -9999 -9999 -9999 -9999 -9999 -9999 -9999 -9999 -9999 -9999 -9999 -9999 -9999 -9999 -9999 -9999 -9999 -9999 -9999 -9999 -9999 -9999 69 463 1039 7 41 -9999 -9999 -9999 -9999 -9999 -9999 -9999 -9999 14 4 61 28 466 22 16 10 7 1318 -9999 -9999 -9999 -9999 -9999 -9999 4 -9999 -9999
312 312 3775 285 352 219 195 195 2438 352 198 285 6321 198 176 154 132 87 87 94 2726 352 176 176 154 154 176 112 94 116 2524 137 109 157 127 39 61 121 73 1646 17 -9999 -9999 -9999 -9999 -9999 -9999 -9999 -9999 -9999 -9999 -9999 -9999 -9999 -9999 -9999 -9999 -9999 -9999 -9999 -9999 -9999 68 4 47 3 3 4 16 -9999 -9999 -9999 -9999 -9999 -9999 -9999 7 17 46 3 4 777 469 16 16 107 9 -9999 -9999 -9999 -9999 -9999 -9999 -9999 -9999
135 285 285 285 109 87 80 176 198 5521 395 6211 285 352 176 87 98 87 87 116 176 3862 312 176 132 1190 34 44 63 44 63 44 44 19 3 37 7 55 190 794 50 -9999 -9999 -9999 -9999 -9999 -9999 -9999 -9999 -9999 -9999 -9999 -9999 -9999 -9999 -9999 -9999 -9999 -9999 -9999 -9999 13 47 135 152 154 9 295 0 -9999 -9999 -9999 -9999 -9999 -9999 -9999 178 4 4 2 9 14 13 5 325 84 -9999 -9999 -9999 -9999 4 -9999 -9999 -9999 -9999
76 108 98 19 17 22 132 87 5 11 109 395 352 352 176 109 87 87 79 109 176 198 176 109 132 22 5 3 3 7 34 44 19 7 24 80 157 214 50 69 -9999 -9999 -9999 -9999 -9999 -9999 -9999 -9999 -9999 -9999 -9999 -9999 -9999 -9999 -9999 -9999 -9999 -9999 -9999 -9999 -9999 9 31 19 28 13 17 5 -9999 -9999 -9999 -9999 -9999 -9999 -9999 2 25 3 1 2 3 14 8 395 62 9 -9999 -9999 -9999 -9999 -9999 -9999 -9999 -9999 -9999
3 45 127 87 108 60 42 4 19 17 24 176 6321 159 2546 132 73 2546 132 109 176 53 198 39 112 116 19 3 3 19 19 24 67 21 15 37 49 214 524 76 -9999 -9999 -9999 -9999 -9999 -9999 -9999 -9999 -9999 -9999 -9999 -9999 -9999 -9999 -9999 -9999 -9999 -9999 -9999 -9999 -9999 4 576 117 4 7 32 21 3 -9999 -9999 -9999 -9999 -9999 26 194 2 1 3 146 3 3 4 35 305 116 65 -9999 26 -9999 -9999 -9999 -9999 -9999 -9999
18 49 4 5 88 3 0 15 11 3 51 157 274 1339 176 132 87 62 87 1229 176 8691 254 68 55 3 3 2 5 3 23 22 24 19 19 22 61 918 1463 171 -9999 -9999 -9999 -9999 -9999 -9999 -9999 -9999 -9999 -9999 -9999 -9999 -9999 -9999 -9999 -9999 -9999 -9999 -9999 -9999 -9999 40 14 9 13 3 0 1 4 -9999 -9999 -9999 -9999 -9999 16 26 4 -9999 10 2 22 26 12 6 44 5 -9999 -9999 -9999 -9999 -9999 -9999 -9999 -9999 -9999
39 44 59 44 4 0 0 0 0 2 3 39 214 747 285 132 50 132 132 154 132 585 198 137 1131 15 118 12 10 4 15 4 3 4 5 17 176 2333 779 1463 38 9 -9999 -9999 -9999 -9999 -9999 -9999 -9999 -9999 -9999 -9999 -9999 -9999 -9999 -9999 -9999 -9999 -9999 -9999 13 180 17 31 15 4 -9999 -9999 -9999 -9999 -9999 -9999 -9999 -9999 -9999 -9999 -9999 -9999 -9999 -9999 -9999 -9999 24 1 -9999 -9999 -9999 -9999 -9999 -9999 -9999 -9999 -9999 -9999 -9999
58 59 40 33 39 30 0 11 5 34 15 24 109 812 2765 219 154 176 174 4347 330 749 176 109 79 24 36 42 8 4 15 19 19 0 15 18 127 198 3757 61 1989 38 -9999 -9999 -9999 -9999 -9999 -9999 -9999 -9999 -9999 -9999 -9999 -9999 -9999 -9999 -9999 -9999 -9999 -9999 -9999 1190 12 -9999 -9999 -9999 -9999 -9999 -9999 -9999 -9999 -9999 -9999 -9999 -9999 -9999 -9999 -9999 -9999 -9999 -9999 -9999 -9999 -9999 -9999 -9999 -9999 -9999 -9999 -9999 -9999 -9999 -9999 -9999 -9999
7 6 0 8 18 15 15 24 5 34 51 39 127 549 15881 308 176 402 15966 915 82 37 176 87 87 87 87 34 7 3 15 0 0 15 15 3 55 39 68 498 137 86 -9999 -9999 -9999 -9999 -9999 -9999 -9999 -9999 -9999 -9999 -9999 -9999 -9999 -9999 -9999 -9999 -9999 -9999 -9999 15 40 -9999 -9999 -9999 -9999 -9999 -9999 -9999 -9999 -9999 -9999 -9999 -9999 -9999 -9999 -9999 -9999 -9999 -9999 -9999 -9999 -9999 -9999 -9999 -9999 -9999 -9999 -9999 -9999 -9999 -9999 -9999 -9999
61 10 8 15 0 2 24 3 3 34 1556 159 8735 373 658 561 439 1280 308 17 19 478 109 98 87 79 778 34 15 15 19 0 15 19 15 15 4 0 19 2357 99 9 -9999 -9999 -9999 -9999 -9999 -9999 -9999 -9999 -9999 -9999 -9999 -9999 -9999 -9999 -9999 -9999 -9999 -9999 4 33 358 8 -9999 -9999 -9999 -9999 -9999 -9999 -9999 -9999 -9999 -9999 -9999 -9999 -9999 -9999 -9999 -9999 -9999 -9999 -9999 -9999 -9999 -9999 -9999 -9999 -9999 -9999 -9999 -9999 -9999 -9999 -9999
17 22 0 0 0 15 8 24 6 29 3885 527 330 610 5688 1277 370 180 -9999 -9999 -9999 9 79 79 87 1131 44 19 0 15 15 24 15 15 15 0 19 19 8 31 137 34 66 -9999 -9999 -9999 -9999 -9999 -9999 -9999 -9999 -9999 -9999 -9999 -9999 -9999 -9999 -9999 -9999 -9999 -9999 4 4 -9999 -9999 -9999 -9999 -9999 -9999 -9999 -9999 -9999 -9999 -9999 -9999 -9999 -9999 -9999 -9999 -9999 -9999 -9999 -9999 -9999 -9999 -9999 -9999 -9999 -9999 -9999 -9999 -9999 -9999 -9999 -9999
39 0 8 0 3 15 6 0 19 219 527 219 176 44 137 -9999 -9999 -9999 -9999 -9999 -9999 -9999 50 87 87 87 79 53 19 5 15 0 15 15 15 5 15 19 19 19 3 5 46 -9999 -9999 -9999 -9999 -9999 -9999 -9999 -9999 -9999 -9999 -9999 -9999 -9999 -9999 -9999 3 -9999 -9999 -9999 -9999 -9999 -9999 -9999 -9999 -9999 -9999 -9999 -9999 -9999 -9999 -9999 -9999 -9999 -9999 -9999 -9999 -9999 -9999 -9999 -9999 -9999 -9999 -9999 -9999 -9999 -9999 -9999 -9999 -9999 -9999 -9999 -9999
24 0 0 19 2 3 7 44 4411 330 509 1089 -9999 -9999 -9999 -9999 -9999 -9999 -9999 -9999 -9999 -9999 22 63 79 19 24 495 0 3 0 0 0 0 15 0 5 0 0 3 5 163 9 -9999 -9999 -9999 -9999 -9999 -9999 -9999 -9999 -9999 -9999 -9999 -9999 -9999 -9999 -9999 3 -9999 -9999 -9999 -9999 -9999 -9999 -9999 4 6 -9999 5 6 14 -9999 -9999 -9999 -9999 -9999 -9999 -9999 -9999 -9999 -9999 -9999 -9999 -9999 -9999 -9999 -9999 -9999 -9999 -9999 -9999 -9999 -9999 -9999
4 3 3 2 6 19 73 527 330 2546 20 -9999 -9999 -9999 -9999 -9999 -9999 -9999 -9999 -9999 -9999 -9999 0 54 120 15 24 12 4 3 3 0 0 15 5 15 0 0 0 35 17 9 -9999 -9999 -9999 -9999 -9999 -9999 -9999 -9999 -9999 -9999 -9999 -9999 -9999 2 2 -9999 -9999 -9999 -9999 -9999 -9999 -9999 -9999 -9999 3 11 11 2 0 17 16 -9999 -9999 -9999 -9999 -9999 -9999 -9999 -9999 -9999 -9999 -9999 -9999 -9999 -9999 -9999 -9999 -9999 -9999 -9999 -9999 -9999 -9999
19 4 3 6 6 22 316 3885 176 12 -9999 -9999 -9999 -9999 -9999 -9999 -9999 -9999 -9999 -9999 -9999 -9999 -9999 -9999 19 63 79 2 3 0 0 8 8 0 0 3 3 18 16 9 -9999 -9999 -9999 -9999 -9999 -9999 -9999 -9999 -9999 -9999 -9999 -9999 -9999 -9999 4 7 4 -9999 -9999 -9999 -9999 -9999 -9999 -9999 -9999 4 2 5 0 7 4 32 10 -9999 -9999 -9999 4 -9999 -9999 -9999 -9999 -9999 -9999 -9999 -9999 -9999 -9999 -9999 -9999 -9999 -9999 -9999 -9999 -9999 -9999
0 0 0 4 32 165 29 127 185 -9999 -9999 -9999 -9999 -9999 -9999 -9999 -9999 -9999 -9999 -9999 -9999 -9999 -9999 -9999 6 15 5 0 0 0 8 0 0 15 15 3 5 6 -9999 -9999 -9999 -9999 -9999 -9999 -9999 -9999 -9999 -9999 -9999 -9999 -9999 -9999 -9999 -9999 4 7 5 -9999 -9999 -9999 -9999 -9999 -9999 -9999 -9999 0 1 92 7 9 11 138 153 10 -9999 4 -9999 -9999 -9999 -9999 -9999 -9999 -9999 -9999 -9999 -9999 -9999 -9999 -9999 -9999 -9999 -9999 -9999 -9999 -9999
0 0 3 6 116 44 3 3 51 -9999 -9999 -9999 -9999 -9999 -9999 -9999 -9999 -9999 -9999 -9999 -9999 -9999 -9999 -9999 41 3 3 3 0 0 0 0 0 0 0 3 1466 -9999 -9999 -9999 -9999 -9999 -9999 -9999 -9999 -9999 -9999 -9999 -9999 -9999 -9999 -9999 -9999 5 2 -9999 -9999 -9999 -9999 -9999 -9999 -9999 -9999 -9999 -9999 0 16 2 4 0 0 2 1 -9999 -9999 -9999 -9999 -9999 -9999 -9999 -9999 -9999 -9999 -9999 -9999 -9999 -9999 -9999 -9999 -9999 -9999 -9999 -9999 -9999 -9999
