data/GZLandScanAscii.txt
NCOLS 128
NROWS 232
XLLCORNER 112.6807
YLLCORNER 21.71365
CELLSIZE 0.008333333
NODATA_VALUE -9999
[rows 126 to 167 of 232, columns 0 to 94 of 128]
5 5 15 23 6 1 1 2 4 4 20 110 301 161 201 196 102 38 56 97 40 281 184 442 248 1474 56 51 428 114 90 20 24 94 209 133 74 300 432 650 12555 794 866 626 748 2412 2412 4220 31745 1519 1953 24801 33 3798 0 13 4614 1282 17 204 178 461 271 244 244 45 271 353 217 60 217 244 407 543 977 896 579 407 102 326 326 326 326 326 326 9282 434 271 98 199 221 366 132 326 4198
8 2 1 1 2 3 3 80 3 6 5 3 11 83 110 1965 102 7 65 3 61 228 482 440 359 133 105 158 5579 169 102 30 40 113 2839 192 96 133 174 178 641 722 722 866 7761 2090 2653 4220 2144 4947 16404 15791 2402 1400 1829 1164 18454 12303 24 127 407 271 217 241 217 122 217 271 326 60 217 244 271 543 760 977 733 570 102 326 4722 326 326 4750 353 353 353 326 93 326 458 61 59 314 326
30 1 3 2 3 1 3 1 3 25 53 35 20 53 113 59 13 4 35 55 10 196 294 343 271 290 193 28 138 1629 196 166 179 93 97 48 42 24 66 156 168 216 224 353 451 1822 2572 2777 15145 18617 20505 2190 646 212 724 814 1172 1172 482 20 127 244 217 217 217 217 142 45 1959 68 217 244 299 434 597 14167 896 706 489 380 380 380 380 407 407 407 380 326 326 4722 326 407 68 20 274
50 5 3 3 2 2 3 30 4 11 14 25 7 5 79 860 28 25 31 35 69 110 131 161 179 147 90 97 97 110 201 163 2806 18 70 75 34 3 2 303 15 48 80 72 181 1393 1302 24453 31636 25778 4941 608 5072 6664 776 543 965 784 713 75 85 41 41 217 217 244 265 326 380 271 217 244 149 326 651 814 977 841 772 482 434 434 434 434 434 434 407 353 326 353 380 119 127 1680 2450
14 13 6 4 2 3 3 79 50 577 35 828 19 50 201 136 110 31 53 68 53 68 114 161 161 114 31 35 65 79 98 110 110 51 9 34 15 24 2 13 8 3 28 253 112 1045 1393 27132 27682 13328 4443 1172 6737 4557 488 536 482 482 482 993 0 61 217 217 217 244 299 289 299 253 2847 271 299 326 489 651 896 1140 977 868 543 434 434 434 461 7816 547 481 380 407 6297 434 434 278 433
136 302 16 4 17 8 26 38 141 56 69 20 23 409 113 1954 40 38 10 80 45 65 2349 161 69 10 27 1981 76 69 25 3 14 25 7 32 17 30 9 96 72 84 20 265 278 451 1829 5117 549 1025 724 724 586 586 670 536 536 482 482 362 0 326 244 271 244 244 299 289 102 489 326 289 183 326 289 158 221 1113 1303 868 3679 543 556 556 519 611 7905 468 505 434 434 434 760 163 434
92 2016 205 1949 109 51 23 35 25 35 5 3 12 88 70 93 9 25 3 3 25 20 97 68 2437 70 15 129 171 28 40 40 131 70 8 67 13 61 11 3 6 3 112 140 383 591 14111 722 1266 724 663 663 724 603 422 362 362 422 6994 823 0 113 244 271 244 271 41 326 326 489 102 102 326 326 326 353 706 868 1276 1466 1303 1153 1120 679 679 679 645 611 427 244 11194 338 772 3122 1303
81 151 170 136 92 37 81 68 61 6 2 4 53 90 215 156 94 38 55 56 5 3 25 121 139 27 32 191 24 52 121 216 196 140 168 260 9 11 9 48 216 139 470 384 556 986 294 641 374 249 265 216 482 362 241 301 362 422 482 568 0 71 217 68 244 299 299 299 299 461 299 326 163 326 4722 380 386 760 977 1493 1730 1508 9939 10432 1644 712 679 19168 719 868 820 217 241 3938 9934
84 134 123 246 139 123 14 10 31 35 23 60 8 271 14 20 43 6 66 8 11 8 112 176 68 4017 94 149 24 75 192 279 181 176 176 216 216 161 27 120 187 337 470 646 1154 1010 650 448 1821 2353 187 161 96 96 96 144 192 482 670 60 0 6 51 217 244 271 271 271 183 98 168 183 183 326 326 380 434 434 868 1086 14423 43828 27407 15783 14109 2317 950 746 7905 1013 763 941 1303 1221 531
3 6 17 14 41 151 11 83 10 68 138 80 125 331 100 149 66 47 103 104 300 206 235 2814 384 482 428 384 216 235 3411 240 353 417 324 240 240 83 42 417 383 910 13789 17367 962 770 577 280 1625 2113 112 96 96 96 96 161 192 192 724 0 322 6 90 61 217 217 217 142 271 9201 326 61 102 326 3385 372 434 760 1398 3012 16817 12778 37065 43043 5530 763 1103 663 829 1306 1086 443 647 529 12593
7 4 31 134 151 246 134 92 11 181 281 361 442 442 109 109 131 214 162 191 300 235 529 577 8370 650 513 432 8322 240 165 4197 397 417 353 288 301 84 120 360 441 8190 24651 17367 1021 482 360 288 205 131 96 96 96 96 96 120 144 168 121 18 55 67 38 30 326 217 217 54 217 244 271 299 407 651 760 7696 627 627 16791 1282 17802 52019 48424 48424 23315 1323 25801 1900 2137 1315 588 398 398 651 603
9 14 54 82 92 218 2100 151 163 196 321 482 7861 452 261 96 156 171 240 209 300 342 8370 529 432 409 342 495 61 90 81 150 360 2814 360 482 577 641 573 866 1226 11340 17975 6521 230 288 288 321 240 144 106 96 96 96 96 96 96 144 52 43 81 95 192 109 216 271 217 137 153 244 380 543 651 733 20675 1110 1303 1156 1954 1798 1113 9939 32507 31087 25422 814 1888 796 9095 772 398 294 235 190 176
9 4 19 118 118 134 302 168 168 221 402 482 407 452 248 171 149 171 337 4065 384 432 577 337 216 149 129 267 535 1828 27 -9999 14 48 80 -9999 334 1114 120 360 908 8343 596 626 321 321 321 321 192 106 96 96 96 96 96 96 96 144 27 14 109 109 109 192 11 202 271 15 407 102 102 814 941 24730 1061 1303 772 686 868 434 868 1086 2870 2630 27978 12593 868 814 675 510 81 66 166 95 36
14 27 269 101 69 109 269 168 134 241 497 392 361 361 361 342 7269 337 384 312 470 513 432 214 2742 48 72 0 86 129 1247 1202 2790 64 1346 120 37 109 75 162 161 881 1416 577 288 288 288 321 214 106 96 96 96 96 96 96 96 81 55 27 109 109 192 192 92 0 6 25 651 603 16759 1303 1230 647 627 588 627 555 529 531 1194 1221 868 675 549 232 285 216 326 216 217 8106 41 48 27
18 61 151 134 1949 151 302 227 246 452 542 610 6947 361 407 482 384 457 432 449 577 432 288 192 168 168 2718 8 23 168 168 216 24 72 37 48 178 30 240 686 668 1684 1283 641 482 321 293 240 216 144 96 96 96 106 96 106 96 144 192 48 192 95 81 144 81 81 6 326 1058 1303 764 448 431 675 531 265 412 9282 760 977 1221 814 145 71 113 235 158 204 235 116 41 47 20 42 2
151 92 134 168 283 283 5481 340 340 6539 813 745 542 474 542 8178 312 432 360 364 384 257 192 1396 144 168 192 75 30 337 337 192 96 2742 729 526 188 80 265 2406 668 6014 18472 802 641 482 401 321 348 240 106 106 106 106 2742 120 161 1691 104 53 12 20 96 55 55 784 24 285 22961 317 145 127 507 163 294 285 326 289 627 4961 7916 398 20 41 16 71 90 299 41 28 11 36 3 10 6
136 1679 5443 269 246 227 265 586 548 416 680 567 454 397 510 722 4329 192 288 288 216 120 96 10 0 0 0 79 61 161 257 1813 144 168 2004 3741 13830 81 288 501 20 641 1043 1154 802 802 535 482 106 428 293 133 133 106 161 133 187 240 106 96 0 914 6 27 55 55 41 0 543 4695 169 289 8347 294 507 265 265 199 579 597 3888 348 28 15 21 41 72 76 25 20 1 7 30 3 6
246 218 189 134 151 170 269 370 9811 655 605 624 454 397 454 722 384 2790 144 168 144 55 6 12 107 120 87 148 3126 3451 312 171 192 2523 384 698 470 325 20 360 21 535 674 16741 1154 1298 8635 312 34 505 235 240 240 133 161 86 144 257 129 86 21 21 4 21 27 55 55 2 42 169 2428 289 244 434 380 271 106 244 181 796 531 121 6 36 45 31 31 61 36 15 2 24 4 18 17
151 134 51 29 4 10 30 340 472 806 8870 605 420 286 4347 378 90 96 120 21 109 0 63 2573 216 156 118 26 53 384 312 384 384 432 13494 337 432 505 5 2806 67 240 990 909 482 449 384 161 140 12144 240 192 209 120 1676 149 112 214 2416 51 24 86 48 21 1028 21 80 42 6 145 190 217 217 193 166 182 28 183 136 12593 392 84 45 20 8 51 169 63 7 23 6 5 5 5 2
59 18 6 12 19 96 378 340 510 302 170 126 231 269 208 22 25 14 11 14 23 24 21 34 133 96 37 139 278 278 216 2501 240 216 192 192 8130 577 288 209 167 167 -9999 42 106 240 161 23 214 449 181 64 144 118 84 18 0 48 70 27 27 21 96 96 48 2 30 1346 54 54 136 190 217 217 241 362 326 398 3935 547 299 143 68 112 114 249 201 50 45 2 42 5 13 10 4
22 7 4 16 28 370 5813 403 255 3232 435 7417 33 198 227 11 176 198 312 384 4968 260 45 96 96 73 72 94 293 174 66 96 192 171 192 214 482 13854 13926 482 240 240 455 313 11 -9999 8 4 214 348 384 2637 67 64 1085 38 4 70 38 15 27 7 48 96 5 0 55 48 5 70 96 163 217 244 163 651 6880 796 597 448 95 72 182 122 199 187 92 51 31 60 20 48 5 3 2
4 18 6 6 336 369 624 454 94 302 340 527 1152 219 196 4141 352 241 278 61 36 2015 139 104 48 38 72 75 192 67 118 775 133 240 312 457 746 626 577 866 432 230 501 376 167 11 -9999 2 187 214 293 364 53 192 144 21 0 18 38 96 21 33 21 96 58 4 96 30 7 109 109 145 217 244 68 651 868 149 41 109 13 54 14 8 34 196 71 34 42 28 8 45 23 2 12
38 5 25 161 420 680 605 510 6482 66 302 461 3972 3678 35 190 159 48 55 78 11 58 86 27 58 4 47 139 149 30 191 260 384 384 457 337 360 384 384 432 492 554 312 1782 1559 451 11 27 34 187 214 428 1346 0 0 53 26 54 1076 90 96 38 18 96 86 38 5 30 7 44 109 136 190 217 244 136 868 136 36 90 9 10 10 8 6 59 41 42 34 31 72 54 72 17 54
73 35 130 567 9790 680 454 378 208 38 265 234 143 165 12 42 53 53 58 149 87 58 27 27 58 42 68 122 4234 384 235 214 4329 4209 240 288 337 2934 288 288 240 216 432 6807 334 62 451 -9999 106 61 53 348 384 240 148 67 1260 126 38 16 86 27 96 39 96 27 21 3 1 13 18 109 136 163 145 434 550 868 109 95 90 54 7 9 102 8 20 11 92 41 10 72 54 10 72
83 16 323 680 850 680 454 189 72 19 132 87 174 51 68 219 116 79 58 39 61 39 48 61 66 96 14 156 235 133 55 75 214 432 312 216 240 312 257 267 192 192 267 482 338 293 94 -9999 2 106 168 240 482 235 192 342 384 160 124 29 51 43 71 16 89 107 107 1 3 3 54 96 96 109 109 244 570 14167 149 181 8 54 7 7 13 28 44 72 133 107 8 7 33 59 21
538 680 813 888 832 529 6520 275 16 1616 1251 93 121 234 3394 159 116 63 31 58 4 6 48 17 27 192 384 156 84 118 4 57 96 148 6856 384 384 432 235 312 384 240 240 4282 1789 301 11 -9999 27 106 161 214 384 40 4 43 149 312 103 13 16 71 51 7 36 53 18 64 6 0 26 15 109 1399 96 136 181 651 896 204 145 17 7 9 45 8 84 15 123 61 410 90 7480 579 339
832 13154 1642 255 397 13588 313 14 94 139 43 79 127 176 263 195 154 79 53 53 34 3 3 66 12 70 38 11 32 11 15 21 72 171 192 2790 240 240 192 192 312 4810 384 432 601 169 -9999 -9999 421 144 144 216 432 120 72 32 2527 384 139 71 71 20 71 22 36 8 36 36 142 2187 7 74 78 109 109 96 163 386 603 977 163 145 11 54 106 54 51 1561 9 21 121 896 760 176 8
907 2359 8594 347 97 104 7 57 265 206 159 87 109 176 263 3375 176 87 53 34 25 9 6 11 42 3 12 3 1 1 9 32 84 61 73 84 1691 104 129 121 171 216 156 191 3805 1425 -9999 -9999 8 144 192 240 278 22 2 24 38 192 192 96 40 4 71 40 13 2026 89 63 142 64 38 5 54 109 1574 61 38 241 148 12424 977 285 95 72 13 9 71 9 84 778 1086 977 868 40 20
227 14540 29450 5353 31 227 302 246 219 174 161 98 154 176 263 241 176 1131 79 19 11 0 5 4 12 4 9 48 15 12 0 2 27 58 21 87 104 86 70 96 87 72 171 342 342 274 19 -9999 55 144 1468 240 432 84 24 32 148 384 192 104 71 7 71 63 13 71 124 63 142 32 3127 98 6 96 109 109 100 66 41 217 498 317 109 10 11 76 261 567 896 808 1327 1330 1303 18727 868
340 139 6023 10410 1636 472 352 330 174 195 148 274 352 308 395 254 154 87 87 63 3 3 0 2 2 12 33 9 15 14 9 14 15 21 6 1676 104 70 38 58 9 9 18 560 432 1803 75 -9999 2742 2790 192 312 432 4137 72 40 156 5003 174 87 71 13 71 40 13 71 79 35 3105 84 253 58 2297 -9999 96 109 109 27 3 9 17 366 285 317 66 380 109 281 319 3406 1628 1221 1086 923 1086
273 16854 694 1338 420 461 330 103 121 127 2283 395 468 527 527 274 132 87 63 63 11 44 8 0 0 8 3 2 5 21 15 5 21 1076 47 121 58 48 38 7 12 9 87 139 384 376 75 -9999 192 53 1629 2381 2169 192 57 34 43 64 240 104 40 9 89 60 11 95 89 43 592 222 192 500 296 15 -9999 30 675 109 217 294 100 271 814 868 9689 868 185 332 1158 8806 1113 9662 597 8492 1140
510 386 340 269 269 49 87 121 108 116 157 263 439 7638 468 234 79 87 87 2524 94 2224 11 0 0 8 11 15 15 5 5 2 5 39 149 15 3 3 21 15 15 21 144 96 3092 2004 75 -9999 40 3126 191 67 171 139 47 4 6 84 360 192 61 4 54 111 26 142 95 71 592 444 333 1911 11763 461 3 -9999 163 1683 217 380 489 15470 5706 181 163 407 217 868 868 6263 760 624 289 181 271
454 269 139 61 67 22 93 37 24 79 63 263 439 380 352 2302 116 79 1131 137 87 79 34 0 3 0 0 15 5 5 2 9 4 9 2 27 1 7 5 15 15 5 118 214 384 1803 75 -9999 14 384 139 66 149 61 15 6 6 112 271 150 19 50 51 55 25 70 36 43 288 5 167 128 124 167 148 12 7 6 75 1968 706 348 90 15 324 299 271 531 470 348 570 9363 326 651 977
302 252 176 98 53 19 42 37 4 44 79 274 468 428 312 159 2243 94 80 98 63 53 34 11 24 8 19 19 15 2 2 4 21 14 1 15 15 15 15 15 27 48 192 449 432 2406 75 -9999 14 384 43 24 87 104 3 40 48 554 409 149 8 33 70 62 27 27 36 36 36 71 160 359 79 97 345 132 -9999 -9999 145 543 841 8774 392 14 5 5 109 45 68 103 216 244 9228 651 977
185 195 116 2204 98 44 98 80 24 18 6 128 487 585 365 190 143 112 98 44 53 44 3 8 8 8 0 0 2 5 0 9 12 12 15 15 5 1 15 15 58 87 139 2715 5701 1803 113 -9999 84 7000 148 14 27 38 34 47 30 2165 80 109 4 60 58 53 36 16 40 50 18 58 231 94 55 36 47 1925 -9999 382 20 489 464 611 365 59 15 36 36 5 90 8 5 5 15 597 896
214 195 112 116 127 63 1529 53 53 4 5 14 615 523 487 285 234 79 137 1807 53 15 34 24 15 8 0 15 19 3 3 3 9 15 15 5 21 12 40 84 129 120 192 214 7000 1041 113 -9999 109 554 156 14 12 12 47 118 133 384 109 45 14 107 80 62 50 30 22 20 115 205 195 18 83 1990 347 2534 916 5500 48 109 624 14098 38 4 5 5 2 5 10 109 48 2 8 543 334
1910 214 159 143 108 98 132 12 80 21 76 296 702 585 380 285 237 63 1807 79 22 76 63 44 6 4 0 8 15 5 8 1 3 15 3 3 14 66 27 9 15 96 104 171 176 3206 75 -9999 72 278 43 27 4 5 17 523 384 312 192 57 0 28 60 60 50 71 38 39 3670 320 253 4580 253 253 158 271 44 17 54 90 68 305 121 50 3 3 36 84 235 136 95 166 353 516 787
143 121 161 161 176 87 137 154 42 93 11 147 702 819 412 234 312 127 94 19 63 80 53 44 34 8 2 15 0 0 15 15 5 5 15 27 12 3 15 38 11 70 48 139 240 630 75 -9999 257 9 47 38 38 27 27 139 96 192 95 55 21 51 30 53 111 80 177 33 67 142 142 100 126 126 103 543 194 -9999 13 61 386 193 211 7 3 3 5 36 148 232 4804 434 489 434 675
21 157 68 23 174 159 157 157 8 9 73 140 13383 644 475 254 3512 234 49 53 79 79 2224 63 53 11 15 15 5 0 15 15 15 5 0 0 1 1 1 2 5 5 15 192 384 353 54 -9999 2015 959 61 21 15 15 70 20 87 121 55 16 14 1149 87 55 160 178 320 160 32 95 95 95 77 95 35 30 2838 10 -9999 868 3811 304 243 63 3 7 122 54 3848 271 271 326 289 353 353
19 87 1543 76 161 36 190 195 58 50 285 76 780 936 702 228 137 58 127 44 31 79 116 79 19 6 19 15 3 0 15 15 0 0 1 1 0 9 4 2 48 70 12 171 4209 1638 123 -9999 2450 144 70 4 3 15 7 12 48 32 1396 8 32 126 167 2310 231 253 253 126 90 24 89 1022 28 32 178 142 1185 146 -9999 24 153 1179 253 9 3 18 244 190 163 1628 244 4198 289 326 314
53 44 93 108 108 121 27 2334 468 702 768 455 916 958 166 205 190 161 157 63 87 63 154 79 67 15 8 19 34 5 19 15 15 3 3 9 14 12 3 38 5 70 17 168 129 3206 267 -9999 75 70 70 21 3 1 38 15 21 24 11 0 2766 142 160 39 69 109 1489 16 16 21 9 103 71 30 2114 178 3056 271 12 81 71 339 1321 72 1601 121 121 136 109 109 193 265 299 326 380
93 53 1516 63 98 93 87 61 214 459 761 838 2226 9047 3737 585 412 333 234 79 53 34 2243 79 37 44 14 15 11 0 15 15 5 0 1 9 0 1 12 48 58 11 38 129 156 6158 535 -9999 21 81 33 48 1 15 48 7 27 149 22 23 1723 195 3670 103 35 41 18 5 3 21 4 3703 24 1673 213 213 190 213 213 20 1809 -9999 466 326 1601 109 96 109 109 109 193 241 241 5722 706
