data/MidWestAscii3.asc
NCOLS 508 
NROWS 230 
XLLCORNER -91.35 
YLLCORNER 39.2416666666667 
CELLSIZE 0.00833333333333333 
NODATA_value -2147483647 
[rows 0 to 78 of 230, columns 192 to 287 of 508]
0 1 0 2 0 3 3 0 6 0 0 1 0 0 0 0 0 0 0 0 1 0 0 0 0 0 0 0 3 2 0 0 0 0 0 0 0 0 0 0 0 0 0 0 0 2 0 1 0 0 0 0 0 0 0 1 0 4 3 1 1 0 0 118 6 6 1 4 0 5 4 0 0 0 0 0 0 0 0 0 0 0 0 0 0 0 1 0 0 0 0 2 0 0 0 0
0 0 0 0 0 4 0 2 0 3 0 0 0 0 16 0 0 1 1 0 3 0 0 0 3 1 0 0 0 5 0 0 1 0 0 1 0 0 0 0 0 4 0 0 0 0 0 2 14 3 0 0 0 1 0 3 0 1 0 1 0 0 0 0 0 0 0 0 0 0 2 1 0 0 2 0 0 3 1 0 1 0 105 63 1 1 7 0 0 5 1 10 4 1 0 0
2 4 0 0 0 0 0 0 0 0 0 6 1 2 0 0 0 0 0 1 0 0 0 0 0 0 0 0 0 1 0 0 2 0 2 1 5 0 0 1 1 1 0 3 1 2 0 0 29 55 0 0 1 0 0 0 0 0 0 1 0 0 2 1 0 0 2 1 0 1 0 0 6 1 0 1 0 0 0 2 0 0 91 11 2 0 2 1 0 0 4 5 1 2 2 1
0 0 0 0 2 0 0 0 0 0 6 6 2 0 0 1 1 1 0 0 0 0 0 4 0 0 1 0 0 0 1 3 2 0 0 0 1 0 0 0 1 1 1 0 0 1 8 0 2 4 0 0 0 0 8 0 0 0 0 1 0 0 0 0 0 0 1 0 0 3 0 4 5 0 0 0 2 0 0 0 1 0 0 0 3 0 0 0 0 0 0 0 0 0 0 0
1 0 0 0 14 60 0 0 0 0 0 0 0 9 0 2 0 0 1 0 0 0 0 0 0 0 2 0 0 1 0 0 0 0 0 0 0 0 0 0 0 0 0 0 0 77 377 151 85 2 0 3 18 1 0 5 0 0 0 0 0 0 0 1 1 9 35 0 11 0 0 1 0 0 0 0 0 0 4 0 6 0 5 0 4 2 4 0 1 7 4 6 2 2 0 0
2 3 0 3 1 10 3 1 0 0 0 8 0 0 0 0 0 0 0 0 0 0 2 3 0 0 0 0 3 0 3 0 1 1 3 1 1 0 3 2 0 0 2 5 7 329 495 747 151 0 0 2 1 0 2 3 2 0 2 3 0 0 0 0 1 10 175 16 0 1 2 0 0 0 1 1 0 1 0 0 0 0 0 0 0 0 1 0 0 0 0 0 0 4 0 0
2 2 0 0 0 0 0 0 0 0 0 4 0 0 0 0 0 0 0 0 0 3 0 0 1 0 0 0 0 3 0 0 0 0 0 0 0 0 1 0 0 1 0 0 0 103 86 13 0 0 0 0 0 1 0 0 0 4 0 3 0 0 1 1 0 0 5 0 0 0 0 0 0 0 0 1 0 0 7 0 0 3 0 5 0 0 1 0 2 0 0 2 0 0 0 3
0 1 0 0 10 0 1 0 4 0 0 0 0 4 0 0 0 0 1 0 0 0 0 0 1 0 0 0 0 2 0 0 0 0 0 0 4 0 0 0 0 23 0 2 0 0 0 0 0 1 0 0 0 0 3 1 0 0 0 0 2 4 0 0 0 0 4 0 0 0 0 0 0 0 0 0 4 0 0 0 0 0 0 2 1 0 1 0 0 0 0 0 0 0 0 0
0 0 0 0 3 0 5 0 8 13 0 0 0 13 0 1 0 0 3 0 0 1 0 2 0 2 0 0 1 4 1 3 0 0 1 4 2 0 0 0 1 0 16 13 0 0 0 1 1 0 0 0 1 0 0 0 0 1 0 0 0 0 0 0 0 3 0 2 0 0 3 1 0 0 1 0 0 0 0 0 0 0 1 0 0 0 0 0 0 0 0 1 0 0 0 0
0 3 2 0 0 12 0 0 2 1 0 7 6 27 53 6 0 4 3 0 0 1 0 0 0 0 0 0 0 0 0 0 0 0 4 1 2 1 0 0 0 0 0 0 0 0 0 2 1 0 3 0 0 0 2 6 25 18 2 0 0 0 0 0 3 3 0 0 0 0 0 6 0 2 3 0 0 0 1 0 0 0 0 0 0 1 0 0 2 0 1 0 0 1 0 2
0 0 0 2 4 0 1 0 0 0 1 0 0 0 3 0 0 0 0 0 0 0 0 0 1 0 0 0 0 0 0 3 0 0 3 0 0 10 0 7 0 0 0 1 0 36 0 0 1 1 1 1 0 0 2 28 30 37 0 3 0 0 0 0 4 2 1 0 0 0 0 0 0 0 0 0 0 0 0 0 0 1 0 0 0 0 0 0 0 2 0 3 1 0 0 0
6 0 0 0 0 0 0 0 0 3 4 5 4 0 3 0 1 0 1 0 0 0 0 0 0 1 0 0 0 0 0 1 0 1 0 0 1 3 9 1 0 0 0 4 1 0 0 0 1 0 1 0 0 0 0 9 36 56 0 0 0 4 2 8 0 0 0 2 7 0 0 0 1 0 0 0 0 0 3 2 0 0 0 8 13 0 0 3 3 1 0 0 0 2 0 0
0 0 0 2 2 0 0 0 4 0 0 1 0 0 0 0 3 0 1 1 0 0 0 0 0 0 0 0 0 3 0 0 0 2 1 0 4 0 7 0 0 0 93 7 2 7 0 0 0 1 4 1 0 0 1 0 2 5 3 3 0 0 0 2 1 0 0 2 0 0 0 0 1 0 0 1 1 9 0 0 1 1 118 638 100 1 2 0 3 0 0 0 2 1 0 0
0 2 0 0 0 0 1 0 3 1 0 1 0 2 4 6 0 0 0 0 3 2 3 0 1 3 0 6 0 0 8 1 0 0 0 0 6 10 2 0 0 4 13 0 0 0 0 0 0 1 2 0 0 0 0 0 0 7 3 3 0 1 13 0 0 0 0 0 2 9 1 0 0 1 0 1 0 2 3 2 0 0 11 147 114 0 1 0 0 0 2 3 1 3 0 0
0 0 0 0 2 0 0 0 0 0 0 0 0 0 2 0 0 0 0 0 0 0 0 0 0 0 1 0 0 10 4 0 0 17 8 35 72 9 0 0 0 31 0 4 0 6 1 0 0 0 5 1 1 0 0 0 0 0 0 3 0 0 140 151 0 0 0 4 0 0 0 0 0 0 4 0 0 0 0 0 0 0 0 8 16 0 0 0 0 0 0 1 0 2 0 7
2 5 0 0 0 0 0 6 0 8 0 0 2 0 15 0 0 0 2 1 0 0 0 0 1 2 3 0 0 0 3 0 0 0 130 1 47 139 0 0 209 565 168 0 37 0 0 0 3 0 0 6 5 0 0 66 0 0 1 0 3 0 0 9 2 8 0 0 4 0 5 1 7 0 0 0 2 1 2 1 0 3 2 2 2 0 0 1 0 0 0 0 0 4 0 2
0 0 2 0 0 2 0 0 0 0 8 0 0 0 5 0 0 0 0 0 3 0 2 5 0 0 0 1 0 0 8 1 0 2 1 0 3 29 0 0 445 425 201 32 14 4 0 1 0 5 1 1 0 0 0 0 1 0 0 0 0 0 0 0 1 0 0 2 0 0 1 0 3 0 2 0 0 0 0 0 0 0 0 0 0 0 0 0 0 0 0 3 0 2 0 0
0 0 0 0 0 2 2 0 0 0 0 0 0 0 1 0 0 0 4 0 1 0 0 0 0 0 0 0 3 0 0 0 0 9 4 0 0 0 0 2 33 0 0 5 1 0 0 9 0 1 0 3 1 3 0 0 8 5 0 0 0 0 0 2 0 0 0 3 3 0 0 4 0 70 136 4 0 0 2 1 0 2 3 0 0 2 0 0 0 0 0 2 0 1 1 0
0 5 0 0 0 0 0 0 6 0 2 10 4 0 7 1 0 0 2 0 0 0 0 0 2 0 0 0 0 0 2 0 7 0 0 0 0 0 0 92 32 4 1 0 0 0 0 2 0 0 0 0 0 1 0 0 3 0 0 0 0 0 0 0 0 0 0 2 0 0 9 1 19 630 697 27 22 0 0 0 0 0 0 1 0 0 0 0 0 1 2 0 0 0 0 0
5 0 0 0 0 0 0 0 4 0 0 0 0 0 2 0 0 0 4 0 0 0 0 0 0 0 0 0 1 0 0 0 3 3 1 7 0 0 0 22 6 27 4 0 0 0 2 0 0 4 2 1 0 0 0 3 1 0 0 0 0 0 0 0 0 2 0 0 2 1 3 0 0 23 1 4 1 0 0 0 1 0 0 0 13 2 0 0 0 0 4 0 0 0 0 0
5 2 0 0 0 0 0 3 0 0 2 33 0 0 1 0 9 1 0 4 1 0 0 0 1 0 0 0 6 0 4 0 3 5 70 95 6 0 0 0 13 10 27 3 0 1 0 0 0 0 0 0 0 0 0 0 0 3 1 2 0 9 4 0 0 0 4 0 0 0 0 1 2 0 2 1 4 1 0 0 1 1 8 0 25 36 0 1 1 0 4 1 0 0 0 2
1 0 0 0 0 0 0 0 0 0 0 3 0 0 12 0 0 0 0 0 0 1 0 0 1 2 0 0 6 0 2 0 4 1 57 13 0 0 0 1 0 0 11 0 0 0 0 0 1 0 2 0 1 0 6 6 0 0 0 0 0 36 0 0 0 0 0 0 0 0 0 0 3 0 0 0 0 1 0 0 0 3 0 1 24 14 2 0 0 1 0 0 0 0 0 0
3 0 1 0 0 0 2 3 1 7 3 0 0 0 27 0 4 2 12 7 2 4 1 5 2 0 5 0 10 0 3 0 2 0 9 0 0 0 0 0 0 1 3 0 0 1 0 0 0 0 0 2 6 5 0 0 0 1 0 1 0 5 0 1 0 0 3 3 5 0 1 4 1 0 1 3 1 2 2 1 0 1 1 0 1 0 4 0 0 0 0 6 3 0 3 4
0 0 1 0 0 8 0 2 5 1 3 2 4 2 3 1 2 4 9 0 5 3 1 0 7 2 3 0 2 2 1 0 11 10 2 0 0 0 0 0 1 0 0 0 2 2 0 0 1 0 0 0 2 0 0 0 0 0 2 0 0 0 1 3 0 0 0 0 0 0 0 0 2 0 0 0 0 0 0 0 0 0 0 0 0 0 0 0 5 0 0 0 0 0 0 9
0 5 0 3 0 0 0 2 9 0 0 0 0 0 3 0 5 6 0 0 0 1 4 0 2 2 0 0 0 9 1 6 5 3 0 0 0 0 1 1 3 5 1 0 9 0 3 1 0 0 4 0 3 0 0 0 4 0 2 0 0 0 0 2 0 0 0 0 0 0 0 2 5 0 0 0 0 1 0 0 0 0 0 0 0 0 0 0 2 0 2 0 3 0 0 27
7 4 0 3 3 0 2 2 27 0 13 1 8 12 12 0 6 7 29 28 0 0 3 10 0 2 0 15 32 10 2 1 1 0 0 0 0 0 0 0 0 3 2 0 0 3 0 0 0 0 0 15 2 1 1 0 0 5 0 0 0 1 0 0 0 0 0 0 0 0 0 0 0 5 0 0 0 0 2 0 0 0 0 0 0 0 0 0 0 0 2 3 0 1 0 1
43 0 0 0 0 0 8 0 2 0 0 0 0 43 10 0 0 4 17 12 7 2 0 3 5 10 18 51 10 0 0 1 0 0 0 0 0 0 1 2 0 0 0 0 0 1 0 8 4 4 2 0 16 0 0 0 0 10 0 2 1 0 0 0 0 0 2 2 0 4 0 0 2 0 2 0 2 2 0 2 1 0 0 2 6 0 2 2 0 0 0 0 0 0 0 1
188 1 3 2 5 11 2 5 8 13 7 5 2 14 15 6 4 15 5 13 3 8 7 5 0 34 4 0 0 51 283 387 21 0 0 0 0 0 0 2 0 0 0 0 3 9 1 0 6 0 0 0 0 0 4 0 0 0 0 0 0 0 0 2 0 0 0 0 0 0 0 0 1 0 0 0 2 1 0 1 0 0 0 0 0 0 0 0 0 0 1 1 0 0 0 2
0 1 1 9 0 2 3 0 6 0 0 0 0 11 0 0 0 0 0 23 15 5 3 18 3 0 2 3 0 401 874 637 156 0 0 0 0 0 3 0 2 2 1 0 1 0 0 0 4 0 6 0 0 6 339 308 124 0 0 1 4 0 0 3 0 0 0 7 5 0 3 0 2 0 0 0 0 0 1 1 0 0 0 0 2 0 10 0 0 0 0 0 0 0 0 0
9 5 2 0 2 4 4 0 3 0 4 6 0 12 4 4 6 0 13 70 19 3 7 4 0 6 2 3 346 660 451 355 5 0 0 0 0 0 3 0 4 0 1 0 7 0 0 0 5 0 0 0 0 1 13 22 4 1 0 13 1 13 0 3 4 5 2 1 22 0 5 10 3 3 0 0 4 4 0 0 3 2 0 112 41 21 61 4 5 2 4 1 4 4 0 7
2 1 0 6 4 7 2 0 12 10 0 7 6 0 2 2 14 10 21 11 3 8 7 1 0 55 8 0 60 239 791 91 0 0 0 0 0 0 3 2 2 3 1 2 2 0 3 11 0 0 0 0 0 0 0 0 0 1 0 0 0 0 0 9 0 0 1 0 3 0 4 0 9 0 0 0 0 0 1 0 0 0 0 0 192 604 625 9 6 0 0 0 0 0 0 0
0 0 0 0 0 2 4 0 12 0 1 0 2 3 0 0 6 0 10 0 1 3 3 3 8 23 2 0 0 46 70 6 0 0 0 0 0 0 3 3 5 0 3 0 0 0 0 0 4 2 2 4 13 5 5 3 3 0 4 8 2 0 0 0 0 4 5 2 0 4 0 1 5 5 4 4 0 7 0 4 5 7 0 0 78 77 120 3 0 0 2 0 8 3 0 8
0 3 0 0 1 0 2 2 10 0 3 5 4 3 3 4 13 35 8 2 0 0 3 0 0 5 65 14 0 142 52 0 0 0 0 0 1 1 7 0 6 6 0 3 0 5 17 2 1 0 0 0 5 0 2 0 4 2 0 0 0 0 0 3 3 0 5 0 0 7 0 0 2 4 0 3 6 1 0 8 0 0 2 0 0 6 2 2 0 0 3 0 0 3 0 2
0 0 0 6 4 0 0 0 4 0 0 0 1 0 1 0 20 8 0 8 9 0 5 62 29 5 154 61 232 234 6 0 0 0 0 0 5 1 2 3 1 0 0 7 0 0 3 0 5 0 0 1 2 0 1 0 0 0 0 1 0 1 3 0 0 1 1 7 0 7 1 0 0 0 0 1 2 0 0 10 0 0 0 1 4 0 4 0 2 0 3 2 3 0 17 5
12 11 11 5 6 0 5 0 13 7 8 2 4 1 0 0 3 0 0 10 0 4 19 0 1 0 0 123 124 22 0 0 0 0 0 0 0 1 4 2 5 2 1 0 0 5 3 0 0 9 3 9 38 0 4 0 3 0 3 4 3 0 4 14 2 0 2 0 3 0 0 0 1 0 3 1 6 3 0 3 2 1 0 3 0 2 1 6 3 3 0 5 0 8 0 0
0 6 0 0 0 0 0 0 339 150 2 0 0 4 3 12 14 5 0 5 4 0 7 51 37 30 19 171 3 0 0 0 0 0 0 1 2 1 3 7 1 3 0 2 4 11 4 4 2 2 7 0 3 0 4 1 2 7 0 3 0 2 4 0 0 0 2 0 0 0 0 0 0 1 0 1 0 0 0 0 1 2 3 0 0 0 23 0 0 7 0 7 0 8 0 0
1 6 1 4 6 8 2 74 1346 125 37 30 8 13 43 16 7 7 10 20 0 114 47 42 39 319 84 0 0 0 0 0 19 6 1 4 5 1 0 0 3 1 0 1 0 4 0 17 0 3 11 3 3 1 8 4 12 0 7 2 16 4 6 13 1 0 7 0 2 2 4 0 8 0 1 96 7 1 0 1 3 3 0 1 3 0 2 2 3 1 4 2 0 0 4 4
3 12 4 8 2 2 13 65 176 0 35 41 22 9 121 111 58 55 78 5 2 2 764 996 73 52 0 0 0 0 2 15 12 17 8 1 0 0 1 1 4 4 17 4 3 0 0 6 0 1 33 0 0 0 0 0 0 0 0 0 0 0 0 5 0 0 7 0 0 0 1 3 4 0 0 191 0 15 0 4 0 0 0 0 0 0 18 1 0 0 0 29 0 2 0 5
0 5 0 3 1 7 3 11 6 3 0 1 0 5 198 235 474 146 125 5 3 2 551 576 19 0 0 0 8 4 5 6 0 35 13 4 0 3 0 4 1 9 0 3 0 1 0 0 0 6 1 0 1 0 6 0 5 15 2 2 9 7 0 7 5 2 4 0 13 6 8 3 0 3 2 0 1 0 3 0 0 0 3 0 11 0 0 0 1 5 16 2 1 6 0 7
2 13 0 0 0 0 8 59 25 0 1 0 58 43 906 638 323 218 6 16 0 0 157 21 0 0 0 61 45 12 24 15 3 24 0 4 0 0 0 3 0 4 0 10 2 4 2 2 2 6 0 0 9 0 0 0 0 0 0 0 0 25 0 14 6 0 3 0 4 0 2 0 0 6 0 0 1 0 0 4 0 2 1 10 18 0 0 8 5 21 25 0 5 1 0 2
1 2 0 0 1 0 7 12 19 0 0 208 250 528 469 895 314 317 23 30 30 112 240 0 0 0 38 104 9 9 30 11 10 8 6 12 3 5 0 0 6 9 5 15 12 9 17 24 2 6 12 2 3 0 2 55 22 11 6 24 30 14 1 11 9 0 2 4 1 0 5 0 0 4 15 4 0 0 11 0 0 4 1 6 1 0 18 6 5 31 1 0 1 21 3 2
10 1 0 3 4 8 2 4 0 33 1 60 41 570 1146 719 275 203 45 3 0 105 4 0 0 0 22 221 60 3 17 17 18 11 12 12 49 112 3 0 0 4 10 13 56 11 35 10 0 2 6 0 3 0 0 0 1 0 0 0 0 0 0 4 2 3 4 0 25 1 2 5 73 78 0 2 6 0 0 6 5 1 2 4 15 0 8 2 1 5 2 28 36 4 5 0
0 2 8 20 3 0 2 6 3 64 0 1 1 111 248 269 163 82 55 10 359 460 0 0 0 6 11 203 32 28 10 6 10 13 7 18 22 26 10 3 0 0 0 59 434 77 12 17 32 8 15 0 9 4 8 8 0 1 2 0 13 3 5 0 39 148 290 111 18 0 8 3 0 7 0 0 5 0 0 0 0 0 0 0 5 0 3 2 1 5 0 0 0 3 0 0
0 1 2 11 30 12 93 72 196 164 114 30 0 486 853 765 433 280 94 4 66 1 0 0 0 0 123 199 0 14 1 33 11 70 102 30 53 33 10 26 6 36 37 23 178 384 1161 954 279 4 5 0 3 25 6 0 8 16 3 6 0 0 10 64 171 310 243 67 7 13 5 3 0 0 0 0 13 0 2 1 0 5 12 0 6 0 0 0 0 4 27 6 0 3 0 11
79 9 4 27 142 1 2 62 60 48 6 262 31 55 942 853 820 688 125 0 9 0 0 0 0 3 48 73 15 9 23 51 37 15 24 11 10 65 26 5 3 13 32 41 141 166 417 197 0 15 0 0 28 1 0 0 0 38 0 0 0 7 0 10 0 7 16 0 5 3 8 7 5 0 0 2 20 16 2 2 0 1 1 0 3 0 3 30 1 0 1 0 0 6 0 2
0 2 4 0 3 26 25 183 185 361 4 404 180 375 370 991 933 724 420 201 64 0 0 0 0 54 84 87 16 22 86 211 336 383 89 139 51 13 18 20 17 33 10 0 12 0 0 12 0 3 5 5 2 1 31 10 0 2 18 2 32 30 1 1 14 0 8 19 19 0 3 0 0 11 0 4 1 0 1 11 0 0 0 0 2 0 0 11 14 7 2 6 0 4 0 2
2 7 11 2 3 7 315 604 265 359 745 455 701 546 766 771 837 994 555 139 116 197 1 0 0 21 1 14 41 81 59 76 331 459 465 506 307 11 23 0 0 0 0 1 1 8 0 0 0 15 0 0 0 0 3 0 0 4 0 0 0 4 0 0 3 0 43 0 10 0 0 17 0 2 4 4 4 0 0 5 7 3 15 7 10 0 0 3 2 4 0 45 0 11 0 4
57 45 23 0 19 8 0 75 421 352 669 674 220 531 378 1012 1502 1037 635 47 0 240 25 0 0 79 35 82 22 83 72 226 144 158 157 63 2 0 29 7 0 1 3 7 9 0 9 16 4 0 3 5 0 9 7 5 9 37 2 0 5 5 6 2 1 0 18 0 15 0 1 2 6 3 2 28 5 1 6 9 5 1 6 1 4 2 19 24 0 7 0 3 0 14 0 0
27 0 1 0 33 2 0 133 307 573 253 233 46 768 659 1139 1019 346 1106 657 99 300 432 0 0 41 64 13 36 32 64 66 27 0 3 29 93 48 64 3 4 0 0 0 0 5 0 0 0 0 8 0 0 0 16 3 3 8 0 10 7 10 0 23 22 3 5 7 3 10 0 8 1 2 5 1 1 0 1 9 3 5 1 0 10 8 20 20 44 12 6 3 5 6 0 3
8 1 2 0 8 0 0 77 15 77 388 166 255 854 718 1127 1001 1366 1369 1029 876 630 169 69 0 0 39 95 125 22 2 0 0 0 10 13 32 11 20 9 7 2 10 20 0 13 0 0 4 25 5 11 6 18 27 6 0 6 0 0 0 8 4 5 7 0 7 0 16 24 8 2 0 69 15 0 4 0 0 0 3 0 6 0 2 6 3 421 293 104 5 12 1 2 0 14
14 16 1 0 0 4 2 66 7 1 2 201 857 1216 885 518 568 1272 722 499 1122 840 133 116 0 3 2 90 19 21 4 34 1 0 0 0 19 43 55 25 1 10 0 0 4 1 0 0 3 21 2 11 7 9 0 18 117 110 21 9 12 8 2 2 85 2 13 0 20 0 0 2 0 24 14 0 1 1 12 2 3 12 0 27 22 69 286 557 332 161 43 13 8 7 0 0
4 2 1 0 5 0 2 2 0 0 0 134 1235 1130 783 645 898 1266 867 1202 1335 1075 310 58 0 0 0 56 18 20 45 37 84 18 28 35 177 403 54 0 13 4 0 4 8 0 1 6 7 0 4 17 20 0 0 0 154 133 1 0 0 0 34 0 17 0 0 7 6 0 0 3 0 9 1 0 6 0 7 2 0 0 0 0 0 0 32 15 2 7 0 9 0 0 0 0
43 15 2 0 3 1 43 30 16 20 197 23 198 909 853 665 1366 1145 1005 1422 1168 75 685 236 0 0 152 7 84 37 53 8 60 13 123 144 297 395 103 84 473 106 32 24 15 8 3 14 6 5 0 18 82 53 74 69 463 1102 199 0 25 45 16 8 16 2 0 19 0 5 3 6 5 2 0 2 4 1 0 1 2 1 6 3 3 3 3 1 0 0 0 4 0 0 0 7
5 0 0 4 1 57 186 91 27 27 18 21 118 675 464 31 773 1027 1527 1275 1533 375 936 55 0 336 88 231 130 53 11 8 111 37 167 17 167 301 516 836 721 323 144 108 0 0 0 0 0 0 0 0 4 0 3 27 318 849 704 6 2 10 0 10 0 0 0 27 3 0 0 2 0 1 1 3 2 0 0 0 0 0 2 0 0 1 2 37 5 19 1 10 0 0 3 0
2 0 0 3 1 74 184 106 141 343 267 33 274 565 465 419 1133 1405 5346 4448 1172 695 194 0 0 507 1131 1093 576 22 295 153 316 57 54 170 577 247 919 1118 665 696 758 180 7 11 9 38 9 3 0 12 14 3 24 260 175 522 146 22 20 5 0 3 5 13 0 0 28 13 0 28 10 2 2 1 9 6 14 6 0 2 1 0 9 0 0 33 0 1 0 0 0 0 1 17
15 18 11 61 176 34 188 259 208 208 216 11 168 833 1140 3245 3865 1733 3854 3235 717 14 0 0 342 373 499 604 307 153 491 638 677 505 206 24 227 387 493 273 105 211 52 0 5 0 0 0 0 0 0 0 3 0 6 0 76 83 2 0 4 9 0 18 0 0 0 0 25 0 1 3 0 2 4 5 0 0 9 0 10 7 3 0 4 6 3 5 2 20 1 2 0 8 0 5
5 7 12 1 6 83 682 515 373 97 10 48 18 287 860 1344 919 1527 1739 1594 338 0 0 77 141 380 396 180 489 340 558 972 648 122 50 7 17 86 9 3 9 40 16 13 15 6 8 14 11 9 5 34 42 17 9 6 0 11 2 3 0 18 6 6 0 8 17 11 8 4 0 5 0 1 0 8 0 0 6 0 8 0 0 0 11 0 0 0 0 18 11 4 0 0 0 0
6 0 10 1 0 0 6 592 409 100 141 101 674 1380 963 1188 750 456 161 914 368 955 259 291 401 371 108 108 17 24 55 76 14 17 39 28 8 10 49 10 0 4 8 44 2 26 3 6 0 35 4 3 19 0 0 2 59 0 0 11 0 1 12 18 6 2 8 1 4 0 4 10 6 2 3 25 6 5 3 2 5 0 8 9 0 5 5 17 64 26 88 36 0 0 2 7
4 8 22 12 0 60 16 19 153 89 63 210 537 1067 1025 571 149 209 1176 1257 1498 348 492 872 235 280 73 25 12 11 2 0 6 27 27 26 14 18 20 2 3 16 27 5 9 0 0 2 6 4 14 0 17 0 13 1 19 6 1 0 0 8 1 16 4 15 2 0 4 3 10 12 6 11 0 0 0 1 1 0 6 5 1 0 6 12 1 3 13 32 32 0 0 0 0 0
16 4 45 4 1 14 58 14 477 549 185 95 158 951 221 50 0 261 857 308 716 449 161 400 192 118 318 374 80 16 29 45 13 57 39 7 11 19 13 3 2 108 6 0 4 14 1 0 0 0 3 5 2 2 2 17 6 16 1 6 11 2 1 0 2 5 4 0 3 5 4 3 2 0 1 0 2 0 1 0 0 0 3 8 23 6 6 3 5 38 12 13 0 5 0 0
7 4 49 107 43 5 61 64 161 200 128 499 92 0 11 1 0 111 142 564 262 244 144 164 53 164 30 35 42 26 60 3 8 9 21 35 3 3 1 4 0 8 0 0 0 1 4 0 28 0 2 0 3 0 0 0 0 15 2 10 5 0 13 0 4 4 9 0 0 2 10 6 0 0 0 0 5 2 0 2 0 0 2 2 2 0 6 0 2 12 3 6 0 8 1 0
0 12 10 77 126 24 0 6 301 1044 495 580 176 30 0 0 1 472 834 700 204 45 276 69 662 145 22 178 264 255 134 45 48 154 369 16 3 8 81 17 7 25 0 6 3 6 3 2 8 0 0 12 17 16 7 1 0 91 9 45 26 4 10 0 1 0 19 1 10 3 0 0 6 0 0 0 2 2 2 6 1 7 0 0 0 0 0 0 0 0 0 0 0 3 0 0
319 40 50 32 60 29 7 283 756 737 626 168 77 18 0 5 390 205 171 206 319 245 191 514 278 142 13 13 324 465 328 372 379 266 93 31 2 1 0 50 12 10 0 0 2 5 0 0 0 1 8 16 0 1 11 0 3 70 44 37 33 6 2 4 4 8 25 0 0 16 2 0 1 4 1 0 0 5 6 5 0 2 13 2 2 0 0 0 0 10 3 0 0 6 0 0
137 57 5 55 117 63 5 3 36 55 3 34 0 0 0 85 3 23 14 5 6 210 183 249 331 75 29 30 18 12 210 349 136 211 617 568 34 8 12 6 7 13 5 4 2 2 20 0 10 132 370 0 0 3 9 6 241 206 184 25 10 4 2 7 4 7 0 16 0 10 21 0 0 0 11 2 11 0 5 0 0 0 0 1 3 0 0 0 0 0 0 1 0 0 2 0
47 13 12 14 14 16 11 49 40 65 5 2 0 0 88 551 372 239 580 112 52 50 0 30 97 0 0 5 0 10 3 18 504 1291 873 1062 192 14 2 0 0 5 0 0 0 0 0 0 0 5 32 1 30 39 2 8 49 21 43 0 5 5 2 27 49 99 43 0 0 0 10 2 0 8 7 0 2 0 5 0 8 0 0 0 0 0 1 0 0 0 0 6 0 0 5 0
0 0 9 15 7 3 9 43 134 102 10 1 0 0 99 359 306 216 130 24 18 35 14 5 8 0 0 0 0 11 0 54 74 559 836 1388 483 160 69 2 34 15 3 5 4 17 0 7 3 3 4 2 8 16 3 0 15 42 7 0 0 0 1 13 8 227 53 1 53 0 6 4 8 2 0 6 39 16 12 0 5 0 0 4 0 0 0 0 0 0 41 354 157 1 0 0
18 1 23 96 11 16 2 15 4 82 39 0 0 71 156 82 48 2 47 8 60 30 24 23 40 117 61 5 9 30 13 187 367 385 784 902 907 381 10 2 13 11 0 1 0 0 3 0 3 1 5 3 8 7 4 6 4 1 1 0 2 6 2 15 2 10 2 5 0 4 0 9 1 12 3 0 66 5 0 0 3 0 1 0 5 0 4 7 0 2 20 463 1 1 2 7
0 10 13 0 13 18 2 0 4 0 43 0 4 192 115 208 0 0 0 0 4 10 0 42 51 79 57 6 0 5 1 0 59 913 929 369 173 7 11 10 3 10 2 9 11 7 6 0 2 0 0 7 1 2 4 0 1 0 3 5 4 0 9 4 0 5 0 4 9 4 0 13 0 0 0 2 0 0 0 0 2 0 2 0 1 0 0 0 12 1 0 337 0 0 0 0
6 18 18 13 1 2 3 8 22 0 24 0 81 545 302 1269 0 9 0 27 0 20 7 42 98 43 21 14 14 3 17 14 264 667 63 13 18 0 0 18 3 0 0 3 0 0 19 9 16 0 0 0 4 5 3 11 1 13 5 0 0 0 0 0 0 10 0 0 3 0 0 1 0 14 84 29 9 13 3 3 0 6 0 1 2 3 1 0 3 0 0 7 3 0 0 0
0 4 53 10 20 27 18 0 0 0 0 1 715 1296 932 1574 363 54 166 219 60 38 23 47 10 2 9 1 1 5 15 0 5 0 11 20 0 0 0 0 0 9 0 1 6 4 9 1 5 3 6 7 0 6 0 5 1 8 0 0 1 2 3 4 0 3 2 0 0 5 1 2 0 112 87 18 0 0 6 0 3 0 5 4 8 0 10 1 10 0 0 3 0 6 3 0
5 0 57 5 18 88 9 0 0 0 2 355 1680 1528 1284 1172 1039 409 144 103 17 4 6 4 1 2 31 22 0 5 18 9 0 1 29 4 16 1 25 11 10 17 7 1 0 4 26 21 10 0 0 2 0 0 0 0 4 2 2 0 0 1 0 0 0 0 0 0 0 0 0 3 0 0 0 3 2 0 9 0 8 0 3 0 8 0 0 2 0 26 10 8 15 0 0 0
103 63 80 29 0 0 0 0 0 0 14 599 1524 1400 848 1815 352 46 1 2 0 4 0 0 2 2 7 4 0 1 3 0 0 0 3 0 0 0 5 0 9 4 0 10 6 11 37 0 3 0 2 0 0 0 0 0 17 2 1 0 0 1 0 2 0 0 0 0 0 0 0 8 0 2 0 0 0 1 3 0 2 3 2 9 2 0 0 3 6 4 18 0 2 1 8 7
30 0 0 0 0 0 0 0 0 151 225 700 907 1384 793 212 847 374 28 9 7 5 4 5 12 6 2 2 3 12 2 1 2 9 3 14 11 9 7 14 17 14 27 2 14 19 22 3 0 38 63 41 0 2 0 0 9 3 3 46 21 1 0 3 0 2 0 0 0 1 0 3 0 1 0 1 0 0 0 0 0 0 2 0 22 20 0 0 0 0 160 23 2 0 15 39
4 0 0 0 0 0 0 0 7 33 295 99 155 198 305 270 815 642 330 0 1 0 3 0 0 0 0 0 4 8 0 3 0 0 0 0 0 0 4 0 1 0 24 0 3 0 10 0 0 90 94 97 5 12 5 0 16 12 1 12 0 1 0 1 0 1 0 0 4 3 4 0 0 2 0 13 0 0 0 3 3 3 5 4 3 5 2 3 2 0 125 96 397 246 299 450
0 0 0 0 8 0 2 0 38 74 1408 409 3 154 620 209 186 131 280 19 43 6 48 20 26 20 1 15 5 2 4 0 4 36 1 39 0 3 8 3 9 22 8 3 2 20 485 546 170 191 52 63 13 2 10 46 15 8 0 13 0 0 0 0 1 0 2 0 0 0 0 0 0 5 0 8 0 0 6 7 0 0 1 0 0 0 0 0 1578 296 694 832 615 290 114 90
0 0 0 0 3 0 75 0 0 27 51 0 2 14 44 1 23 30 5 0 10 0 53 40 0 7 5 0 6 157 767 442 42 29 4 4 6 2 56 20 7 6 4 2 0 43 313 125 63 10 0 3 5 9 18 2 5 17 0 1 5 6 0 0 0 0 4 95 263 447 16 12 8 10 0 0 3 0 3 1 1 0 29 1 3 42 49 733 423 380 1517 984 677 1205 160 53
1 3 0 0 0 6 10 6 2 0 79 3 147 0 8 0 6 3 50 0 6 19 1 3 0 0 7 10 0 0 419 366 8 53 16 17 30 9 17 49 2 6 0 13 0 10 8 0 0 2 0 0 4 4 0 13 2 0 1 0 3 0 3 0 2 5 1 0 6 0 12 0 3 11 3 2 0 1 1 0 16 0 0 30 3 17 39 1051 117 255 774 1211 615 1119 542 470
4 0 0 0 0 5 1 0 0 3 12 3 5 0 27 10 10 30 14 65 23 7 4 0 8 1 1 0 2 17 11 14 0 2 0 0 13 13 6 0 0 0 0 0 0 6 0 0 0 0 7 14 24 0 7 3 0 3 0 0 0 0 0 0 0 0 0 0 0 0 0 0 5 4 12 19 3 0 1 2 1 0 2 180 2 37 109 1199 1039 1034 7168 6364 1431 1077 1552 913
13 0 0 0 0 9 1 0 0 14 31 0 2 0 9 4 3 10 0 20 0 7 0 1 0 2 9 0 4 0 7 1 21 5 9 1 16 13 0 3 0 0 0 0 4 0 0 16 0 4 10 7 2 16 2 0 0 3 0 0 0 1 0 0 2 2 8 0 0 0 0 0 0 0 0 2 4 0 14 31 0 0 0 324 54 81 86 949 849 1177 4309 2782 1614 969 855 1025
