data/monroviaAscii.asc
NCOLS 48 
NROWS 39 
XLLCORNER -10.95 
YLLCORNER 6.18333333333333 
CELLSIZE 0.00833333333333334 
NODATA_value -2147483647 
-2147483647 -2147483647 -2147483647 11 7 11 157 18 10 6 5 114 11 54 38 100 9 5 11 284 201 201 201 287 30 28 25 13 25 25 20 23 30 287 23 12 0 8 16 116 21 13 86 69 60 58 58 104
-2147483647 -2147483647 -2147483647 -2147483647 3 5 6 153 13 70 5 10 19 34 34 41 100 325 117 20 20 25 30 196 28 30 287 104 194 287 30 30 30 30 28 12 0 12 4 7 12 9 54 77 35 69 36 64
-2147483647 -2147483647 -2147483647 -2147483647 -2147483647 -2147483647 4 5 6 155 10 117 6 4 5 10 92 735 1273 20 20 20 30 28 23 23 14 167 30 25 25 25 28 287 45 12 53 4 65 58 45 26 26 26 5 43 10 10
-2147483647 -2147483647 -2147483647 -2147483647 -2147483647 -2147483647 -2147483647 1 19 8 150 6 5 24 5 321 83 79 87 25 14 25 28 23 25 23 25 151 23 25 23 13 15 10 558 238 121 86 10 69 60 35 35 5 52 52 69 77
-2147483647 -2147483647 -2147483647 -2147483647 -2147483647 -2147483647 -2147483647 -2147483647 7 14 5 4 4 25 30 34 62 147 12 25 94 28 28 20 20 25 23 23 23 25 25 30 88 49 80 13 241 12 69 237 12 52 60 10 12 86 95 95
-2147483647 -2147483647 -2147483647 -2147483647 -2147483647 -2147483647 -2147483647 -2147483647 -2147483647 -2147483647 6 6 257 6 38 119 12 22 75 716 20 25 287 23 25 25 25 20 23 30 13 30 287 80 16 13 23 12 112 23 12 69 12 16 16 16 16 86
-2147483647 -2147483647 -2147483647 -2147483647 -2147483647 -2147483647 -2147483647 -2147483647 -2147483647 -2147483647 -2147483647 8 9 95 45 66 9 26 94 725 135 28 30 30 30 198 28 23 30 13 28 23 73 262 14 28 26 207 3725 95 15 67 13 14 13 10 69 86
-2147483647 -2147483647 -2147483647 -2147483647 -2147483647 -2147483647 -2147483647 -2147483647 -2147483647 -2147483647 -2147483647 -2147483647 85 8 158 10 7 10 83 18 28 30 28 25 23 23 30 30 30 35 40 33 177 28 25 23 23 80 100 134 811 121 14 10 9 6 69 86
-2147483647 -2147483647 -2147483647 -2147483647 -2147483647 -2147483647 -2147483647 -2147483647 -2147483647 -2147483647 -2147483647 -2147483647 -2147483647 25 49 13 156 49 100 136 287 30 20 20 20 20 30 30 30 30 30 40 20 21 179 13 13 60 65 95 103 207 26 13 10 9 9 138
-2147483647 -2147483647 -2147483647 -2147483647 -2147483647 -2147483647 -2147483647 -2147483647 -2147483647 -2147483647 -2147483647 -2147483647 -2147483647 0 431 12 683 45 83 75 102 287 287 23 25 30 30 28 30 28 45 40 20 25 16 21 10 77 86 13 103 207 35 339 26 21 18 35
-2147483647 -2147483647 -2147483647 -2147483647 -2147483647 -2147483647 -2147483647 -2147483647 -2147483647 -2147483647 -2147483647 -2147483647 -2147483647 -2147483647 0 13 8 8 11 287 18 30 30 30 30 17 291 0 0 30 40 33 20 25 1074 23 17 10 10 13 188 26 10 21 19 602 25 55
-2147483647 -2147483647 -2147483647 -2147483647 -2147483647 -2147483647 -2147483647 -2147483647 -2147483647 -2147483647 -2147483647 -2147483647 -2147483647 -2147483647 -2147483647 0 8 500 10 90 50 30 30 17 23 24 45 0 0 40 45 33 11 25 287 287 14 14 14 138 25 55 35 18 18 230 46 55
-2147483647 -2147483647 -2147483647 -2147483647 -2147483647 -2147483647 -2147483647 -2147483647 -2147483647 -2147483647 -2147483647 -2147483647 -2147483647 -2147483647 -2147483647 -2147483647 28 204 262 73 140 35 0 0 50 0 0 0 104 33 50 45 25 20 28 17 17 1307 167 21 18 28 46 18 21 35 46 55
-2147483647 -2147483647 -2147483647 -2147483647 -2147483647 -2147483647 -2147483647 -2147483647 -2147483647 -2147483647 -2147483647 -2147483647 -2147483647 -2147483647 -2147483647 -2147483647 1 28 0 0 18 13 4 0 0 0 0 287 113 30 30 23 20 17 25 287 23 135 23 21 23 55 37 191 32 46 23 23
-2147483647 -2147483647 -2147483647 -2147483647 -2147483647 -2147483647 -2147483647 -2147483647 -2147483647 -2147483647 -2147483647 -2147483647 -2147483647 -2147483647 -2147483647 -2147483647 -2147483647 -2147483647 8 0 75 0 0 0 30 50 94 14 14 201 25 20 15 15 25 30 20 20 468 45 602 153 55 177 25 67 12 11
-2147483647 -2147483647 -2147483647 -2147483647 -2147483647 -2147483647 -2147483647 -2147483647 -2147483647 -2147483647 -2147483647 -2147483647 -2147483647 -2147483647 -2147483647 -2147483647 -2147483647 -2147483647 0 28 0 0 0 25 45 40 158 1273 85 201 17 25 11 11 14 35 40 33 45 483 28 31 230 21 21 21 104 115
-2147483647 -2147483647 -2147483647 -2147483647 -2147483647 -2147483647 -2147483647 -2147483647 -2147483647 -2147483647 -2147483647 -2147483647 -2147483647 -2147483647 -2147483647 -2147483647 -2147483647 -2147483647 2035 775 0 0 25 45 33 296 30 3619 25 185 45 201 28 3117 302 201 45 45 658 648 653 336 138 18 23 23 23 23
-2147483647 -2147483647 -2147483647 -2147483647 -2147483647 -2147483647 -2147483647 -2147483647 -2147483647 -2147483647 -2147483647 -2147483647 -2147483647 -2147483647 -2147483647 -2147483647 -2147483647 -2147483647 78 397 1315 38 28 25 20 25 30 28 30 30 35 30 40 35 17 30 20 37 28 28 50 35 41 179 21 54 43 43
-2147483647 -2147483647 -2147483647 -2147483647 -2147483647 -2147483647 -2147483647 -2147483647 -2147483647 -2147483647 -2147483647 -2147483647 -2147483647 -2147483647 -2147483647 -2147483647 -2147483647 -2147483647 0 1645 12339 336 401 40 33 462 30 28 30 30 287 460 35 45 17 267 34 189 169 167 281 23 65 49 65 43 43 49
-2147483647 -2147483647 -2147483647 -2147483647 -2147483647 -2147483647 -2147483647 -2147483647 -2147483647 -2147483647 -2147483647 -2147483647 -2147483647 -2147483647 -2147483647 -2147483647 -2147483647 -2147483647 22 13756 540 467 196 123 178 120 89 89 25 25 23 20 460 468 16 8378 266 1357 468 71 43 54 25 54 142 159 242 49
-2147483647 -2147483647 -2147483647 -2147483647 -2147483647 -2147483647 -2147483647 -2147483647 -2147483647 -2147483647 -2147483647 -2147483647 -2147483647 -2147483647 -2147483647 -2147483647 -2147483647 -2147483647 3495 2904 1190 1121 1306 82 98 1956 54 299 45 15 15 17 20 20 189 189 460 54 60 452 49 54 224 127 142 54 419 49
-2147483647 -2147483647 -2147483647 -2147483647 -2147483647 -2147483647 -2147483647 -2147483647 -2147483647 -2147483647 -2147483647 -2147483647 -2147483647 -2147483647 -2147483647 -2147483647 -2147483647 2387 15983 2061 20 393 16 1 109 290 249 67 29 25 29 34 29 20 50 38 20 49 49 54 54 54 49 54 54 49 54 54
-2147483647 -2147483647 -2147483647 -2147483647 -2147483647 -2147483647 -2147483647 -2147483647 -2147483647 -2147483647 -2147483647 -2147483647 -2147483647 -2147483647 -2147483647 -2147483647 12670 10183 103 0 0 0 0 0 109 290 497 187 29 34 120 135 37 75 45 25 20 43 424 54 49 159 60 54 419 60 43 54
-2147483647 -2147483647 -2147483647 -2147483647 -2147483647 -2147483647 -2147483647 -2147483647 -2147483647 -2147483647 -2147483647 -2147483647 -2147483647 -2147483647 -2147483647 -2147483647 27931 32588 1960 0 0 0 0 0 6 174 87 387 196 29 82 120 29 149 112 23 25 54 49 54 54 419 54 54 142 49 43 49
-2147483647 -2147483647 -2147483647 -2147483647 -2147483647 -2147483647 -2147483647 -2147483647 -2147483647 -2147483647 -2147483647 -2147483647 -2147483647 -2147483647 -2147483647 -2147483647 -2147483647 28566 22258 -2147483647 0 1236 536 0 0 0 172 376 290 3098 82 120 112 179 34 22 1341 149 49 49 43 49 28 261 142 242 49 43
-2147483647 -2147483647 -2147483647 -2147483647 -2147483647 -2147483647 -2147483647 -2147483647 -2147483647 -2147483647 -2147483647 -2147483647 -2147483647 -2147483647 -2147483647 -2147483647 -2147483647 -2147483647 16622 35674 30298 5693 2473 536 53 0 122 124 23 249 179 1725 1752 97 29 37 1358 43 54 54 43 43 49 363 219 266 49 54
-2147483647 -2147483647 -2147483647 -2147483647 -2147483647 -2147483647 -2147483647 -2147483647 -2147483647 -2147483647 -2147483647 -2147483647 -2147483647 -2147483647 -2147483647 -2147483647 -2147483647 -2147483647 -2147483647 280 12374 25414 8711 968 1090 60 0 4 109 97 268 397 66 1248 120 67 75 43 49 49 54 43 38 43 424 49 54 43
-2147483647 -2147483647 -2147483647 -2147483647 -2147483647 -2147483647 -2147483647 -2147483647 -2147483647 -2147483647 -2147483647 -2147483647 -2147483647 -2147483647 -2147483647 -2147483647 -2147483647 -2147483647 -2147483647 -2147483647 -2147483647 -2147483647 16659 33402 19929 420 750 262 196 310 645 1033 743 37 37 37 43 33 43 54 424 43 22 27 43 54 424 54
-2147483647 -2147483647 -2147483647 -2147483647 -2147483647 -2147483647 -2147483647 -2147483647 -2147483647 -2147483647 -2147483647 -2147483647 -2147483647 -2147483647 -2147483647 -2147483647 -2147483647 -2147483647 -2147483647 -2147483647 -2147483647 -2147483647 -2147483647 757 2896 1121 4014 701 1088 2514 4507 532 6305 132 1248 29 38 38 54 49 49 43 43 38 49 49 54 38
-2147483647 -2147483647 -2147483647 -2147483647 -2147483647 -2147483647 -2147483647 -2147483647 -2147483647 -2147483647 -2147483647 -2147483647 -2147483647 -2147483647 -2147483647 -2147483647 -2147483647 -2147483647 -2147483647 -2147483647 -2147483647 -2147483647 -2147483647 -2147483647 -2147483647 -2147483647 56 515 497 2242 559 398 80 93 1248 29 29 54 60 49 54 54 54 54 54 424 43 27
-2147483647 -2147483647 -2147483647 -2147483647 -2147483647 -2147483647 -2147483647 -2147483647 -2147483647 -2147483647 -2147483647 -2147483647 -2147483647 -2147483647 -2147483647 -2147483647 -2147483647 -2147483647 -2147483647 -2147483647 -2147483647 -2147483647 -2147483647 -2147483647 -2147483647 -2147483647 -2147483647 -2147483647 78 3734 93 264 50 42 111 26 33 67 54 54 54 54 54 54 54 49 38 22
-2147483647 -2147483647 -2147483647 -2147483647 -2147483647 -2147483647 -2147483647 -2147483647 -2147483647 -2147483647 -2147483647 -2147483647 -2147483647 -2147483647 -2147483647 -2147483647 -2147483647 -2147483647 -2147483647 -2147483647 -2147483647 -2147483647 -2147483647 -2147483647 -2147483647 -2147483647 -2147483647 -2147483647 -2147483647 2518 309 309 1064 97 40 33 518 29 22 43 33 38 43 43 43 33 22 22
-2147483647 -2147483647 -2147483647 -2147483647 -2147483647 -2147483647 -2147483647 -2147483647 -2147483647 -2147483647 -2147483647 -2147483647 -2147483647 -2147483647 -2147483647 -2147483647 -2147483647 -2147483647 -2147483647 -2147483647 -2147483647 -2147483647 -2147483647 -2147483647 -2147483647 -2147483647 -2147483647 -2147483647 -2147483647 -2147483647 5667 467 1956 276 132 73 66 60 60 43 43 33 33 27 11 56 11 11
-2147483647 -2147483647 -2147483647 -2147483647 -2147483647 -2147483647 -2147483647 -2147483647 -2147483647 -2147483647 -2147483647 -2147483647 -2147483647 -2147483647 -2147483647 -2147483647 -2147483647 -2147483647 -2147483647 -2147483647 -2147483647 -2147483647 -2147483647 -2147483647 -2147483647 -2147483647 -2147483647 -2147483647 -2147483647 -2147483647 -2147483647 -2147483647 131 5056 41 83 218 232 312 207 82 54 1180 22 22 17 11 14
-2147483647 -2147483647 -2147483647 -2147483647 -2147483647 -2147483647 -2147483647 -2147483647 -2147483647 -2147483647 -2147483647 -2147483647 -2147483647 -2147483647 -2147483647 -2147483647 -2147483647 -2147483647 -2147483647 -2147483647 -2147483647 -2147483647 -2147483647 -2147483647 -2147483647 -2147483647 -2147483647 -2147483647 -2147483647 -2147483647 -2147483647 -2147483647 -2147483647 -2147483647 -2147483647 20 20 47 47 47 1053 136 195 116 42 25 22 22
-2147483647 -2147483647 -2147483647 -2147483647 -2147483647 -2147483647 -2147483647 -2147483647 -2147483647 -2147483647 -2147483647 -2147483647 -2147483647 -2147483647 -2147483647 -2147483647 -2147483647 -2147483647 -2147483647 -2147483647 -2147483647 -2147483647 -2147483647 -2147483647 -2147483647 -2147483647 -2147483647 -2147483647 -2147483647 -2147483647 -2147483647 -2147483647 -2147483647 -2147483647 -2147483647 -2147483647 -2147483647 -2147483647 -2147483647 -2147483647 16 47 0 0 70 223 70 34
-2147483647 -2147483647 -2147483647 -2147483647 -2147483647 -2147483647 -2147483647 -2147483647 -2147483647 -2147483647 -2147483647 -2147483647 -2147483647 -2147483647 -2147483647 -2147483647 -2147483647 -2147483647 -2147483647 -2147483647 -2147483647 -2147483647 -2147483647 -2147483647 -2147483647 -2147483647 -2147483647 -2147483647 -2147483647 -2147483647 -2147483647 -2147483647 -2147483647 -2147483647 -2147483647 -2147483647 -2147483647 -2147483647 -2147483647 -2147483647 -2147483647 -2147483647 -2147483647 -2147483647 3 18 35 38
-2147483647 -2147483647 -2147483647 -2147483647 -2147483647 -2147483647 -2147483647 -2147483647 -2147483647 -2147483647 -2147483647 -2147483647 -2147483647 -2147483647 -2147483647 -2147483647 -2147483647 -2147483647 -2147483647 -2147483647 -2147483647 -2147483647 -2147483647 -2147483647 -2147483647 -2147483647 -2147483647 -2147483647 -2147483647 -2147483647 -2147483647 -2147483647 -2147483647 -2147483647 -2147483647 -2147483647 -2147483647 -2147483647 -2147483647 -2147483647 -2147483647 -2147483647 -2147483647 -2147483647 -2147483647 -2147483647 -2147483647 5
-2147483647 -2147483647 -2147483647 -2147483647 -2147483647 -2147483647 -2147483647 -2147483647 -2147483647 -2147483647 -2147483647 -2147483647 -2147483647 -2147483647 -2147483647 -2147483647 -2147483647 -2147483647 -2147483647 -2147483647 -2147483647 -2147483647 -2147483647 -2147483647 -2147483647 -2147483647 -2147483647 -2147483647 -2147483647 -2147483647 -2147483647 -2147483647 -2147483647 -2147483647 -2147483647 -2147483647 -2147483647 -2147483647 -2147483647 -2147483647 -2147483647 -2147483647 -2147483647 -2147483647 -2147483647 -2147483647 -2147483647 -2147483647
