data/prd_sim_ascii_n_44384655.txt
NCOLS 203
NROWS 164
XLLCORNER 112.789
YLLCORNER 22.15
CELLSIZE 0.008333333
NODATA_VALUE -9999
[rows 42 to 83 of 164, columns 0 to 94 of 203]
14 1110 4 2 135 4181 7101 493 350 372 1522 1781 834 756 350 329 208 236 360 240 270 300 360 6952 599 17080 674 674 539 494 494 479 420 7821 479 455 944 337 479 559 360 360 10518 439 519 169 6832 27 30 120 365 158 789 999 8257 55300 58526 29224 1240 403 96 266 4107 36552 44676 4096 22999 16801 888 999 795 514 514 711 651 598 365 399 291 405 7206 474 415 352 561 6620 4860 316 142 115 37 13 73 14 9
137 10 6 7 49 1090 140 204 204 21823 20515 33391 7787 6230 548 3436 263 330 390 405 195 539 539 479 599 959 7821 303 539 607 1079 607 472 337 265 607 944 719 10428 596 590 281 1180 275 206 203 126 62 98 182 7184 4363 929 2535 14593 30530 20968 2535 608 205 450 307 10753 58986 23656 26450 25346 25778 2189 666 631 561 623 842 7948 617 449 399 324 355 526 405 367 449 405 598 405 337 474 11 33 8 82 53 113
0 0 397 10 2781 49 39 44 0 538 4631 3053 1538 329 205 756 1191 919 539 439 5648 539 719 1214 674 17260 674 472 240 619 828 659 607 539 427 7032 854 879 1042 740 674 12726 112 197 588 449 243 478 599 8100 403 156 1613 16283 31797 22120 44816 7841 4593 2212 1843 26882 66360 30415 19549 20737 22529 24578 13777 596 530 421 1382 1639 799 319 291 312 212 206 468 386 430 281 549 6676 399 224 598 5785 116 59 104 117 73
1 0 6 73 36 142 134 1811 21 18 459 1897 146 148 241 2650 373 412 1236 1281 944 607 1348 1199 839 683 607 472 240 400 494 19552 6068 584 371 719 899 1079 1180 568 787 506 125 281 574 13007 8597 824 618 927 197 351 1008 22914 24578 22120 49667 11018 28664 24885 33262 58641 28330 33318 38307 13057 24578 13201 10921 481 530 956 6445 15392 1799 505 474 449 344 568 7293 633 10940 671 696 449 449 505 9761 499 324 125 302 10 10
7 0 175 186 33 22 3300 19 21 16 33 348 3701 1905 11 80 146 405 6912 539 1618 1461 839 1199 23732 1199 839 674 90 164 974 1079 337 1326 719 719 719 590 1350 11586 674 506 562 262 474 562 527 12009 534 13035 158 5760 18945 20353 21227 33986 51205 24332 43975 44228 53652 60830 85163 72996 2343 2304 30530 40963 24578 1543 666 1536 13272 18249 2035 575 771 588 588 894 947 13680 760 131 94 399 349 449 549 673 449 393 494 259 78
15 3 59 161 6297 23 12 156 13 147 178 263 219 73 180 150 0 10 106 479 539 7731 449 270 479 719 1199 1888 1348 974 122 337 607 1730 11265 562 1798 1770 1124 13035 899 843 787 548 702 485 7796 281 2092 1108 1400 10177 6144 41715 53917 69920 70784 66360 66360 53341 72996 64885 60830 59309 23787 3533 37293 43420 28307 1536 39619 2535 1306 804 612 757 799 711 799 842 736 557 722 126 116 206 171 135 505 673 622 477 635 219 94
11 1124 204 27 214 175 115 80 150 245 253 2541 153 150 169 315 1739 172 0 47 202 40 439 479 536 719 539 7012 303 479 479 539 519 674 719 809 15911 3186 20451 1573 899 899 899 899 13147 955 1011 2092 16278 25303 6213 10241 9178 25778 22581 60795 51429 60830 24332 19558 26678 25346 22304 16605 12769 5216 1720 20932 16590 43826 16820 39816 36667 2293 1039 8394 692 1060 1000 561 596 859 894 385 223 162 349 196 449 733 867 7812 1975 862 431
172 49 58 2584 350 175 186 79 2833 197 156 136 315 360 210 360 180 315 640 5 195 341 597 82 659 8326 479 405 303 337 270 420 315 539 10338 674 809 1524 2697 3146 2996 19889 2247 2497 3496 20339 2247 25325 53169 16590 31797 44240 1382 6912 29032 37198 12563 58986 13825 3754 384 1707 2923 171 114 316 255 41 3277 3687 1697 4977 3026 1087 6925 2217 7203 2441 4025 6385 1665 888 623 474 288 349 3943 2487 65 478 842 18233 705 1005 797
143 0 55 195 285 350 2891 117 88 97 87 179 315 539 11347 320 202 225 105 37 130 479 487 584 219 479 405 7753 472 360 270 2873 479 150 539 655 999 19215 2247 1124 1461 2247 1124 1124 13147 2124 3186 2991 985 1167 5991 28034 44211 21953 7409 58986 24885 47706 44259 31106 1365 16214 20545 10785 6244 1439 546 117 1502 1536 3094 2027 1169 136 897 15982 19178 15279 16781 10488 13834 12297 1199 261 113 106 167 349 365 474 16231 683 564 494 423
272 0 11 197 6308 197 131 78 55 39 81 180 2787 809 449 202 225 270 405 539 105 301 809 539 479 300 270 472 270 517 211 211 337 639 719 562 14483 2247 1686 899 13035 899 899 652 629 5534 16311 14498 372 115 449 13671 18894 32258 36129 31336 41475 30415 35202 36866 21025 24885 24885 21152 21152 18802 15090 561 474 260 1590 877 12710 493 49 52 1355 760 1748 2903 6393 7591 13496 19178 1465 1876 407 333 273 1496 1342 252 238 292 335
287 15 0 39 2037 120 88 55 44 49 2337 320 400 719 202 405 60 270 270 7686 397 15 10248 539 300 240 135 472 240 5102 292 329 180 719 876 28696 1067 20535 13035 899 787 14233 999 1016 337 7954 13592 14272 127 224 224 3802 12024 6928 45507 5653 54071 34409 21928 21198 15395 14939 4270 553 829 10369 5108 561 221 337 337 337 210 219 7283 1032 1033 29 2 42 104 52 1598 10469 13984 12119 7147 8657 4052 910 602 182 139 35 0
3335 57 9 2 127 127 44 24 24 130 120 195 320 379 228 278 126 240 270 405 169 29 84 337 6832 206 240 405 270 315 320 559 629 764 1132 1798 1377 2416 1124 787 787 449 449 449 281 212 680 850 6452 337 436 140 538 14610 30209 8674 19908 44409 23246 16590 4608 499 362 252 252 553 405 288 421 213 114 9 -9999 3273 200 2062 2063 176 -9999 -9999 -9999 42 52 468 516 6954 5644 6293 2060 573 224 25 11788 835 15752
230 116 18 17 99 175 110 88 40 120 200 280 67 921 1011 341 539 202 6772 152 405 42 203 270 243 341 243 3656 202 380 494 639 719 7971 2247 2472 29581 3527 19468 758 488 506 506 478 365 281 3776 382 224 126 84 84 263 25300 16385 13748 1536 12972 36866 44240 19969 982 425 351 196 252 449 4979 489 26 2221 39 16 137 168 203 78 29 26 213 47 6 -9999 24 44 484 916 749 1508 1466 935 904 487 433 452
97 123 206 0 175 3154 31 77 33 97 160 9 320 325 11799 1079 539 270 472 135 405 337 11 1745 86 210 390 479 539 204 764 899 799 3658 19440 1180 2388 3287 1545 1003 4525 2920 562 674 730 12810 562 566 252 192 172 175 4474 12097 12750 9063 3068 13 3687 8727 18249 684 3419 3822 624 224 281 262 460 58 12 168 1655 154 537 131 137 56 70 1504 42 47 47 6 -9999 53 365 1140 1736 810 13 143 417 371 417
3306 116 173 0 82 175 34 88 77 162 43 80 2437 360 487 569 449 337 5191 337 1643 119 161 15 96 84 270 674 1079 1326 25642 1438 1861 1437 1348 1517 1686 28050 2247 6368 11865 8173 1084 1124 1124 899 999 899 447 400 258 7349 15596 1290 182 2148 964 103 0 46 187 42 491 0 4 9 199 196 26 26 262 252 295 210 6779 33 701 26 38 84 379 295 50 176 219 -9999 28 1162 2129 72 12460 452 417 417 371
143 202 202 5 4 175 263 131 77 135 130 227 110 280 459 819 140 84 270 73 315 225 337 20 135 390 539 6005 876 652 674 719 1042 26665 1874 4829 1626 1690 23818 23557 9803 1549 11048 9766 2683 32099 2242 590 393 225 499 125 224 178 122 37 53 168 210 58 32 305 1539 442 449 150 18 0 28 168 4226 168 168 337 263 112 284 505 365 6582 463 337 142 592 241 1052 -9999 49 81 1304 417 235 191 1384 1261
173 54 1034 86 0 36 6264 175 941 78 157 84 2652 280 320 11227 360 315 5214 160 126 177 292 37 97 131 120 479 539 517 427 10338 607 699 6864 8992 5296 10775 40565 40565 11832 11705 22659 11707 829 1042 1348 2157 1348 7130 4916 1292 371 258 79 168 150 168 182 389 479 30 32 273 295 224 39 16 23 13 12 26 187 3597 32 6470 351 281 365 287 283 463 281 112 584 789 99 -9999 81 522 417 235 348 247 70
143 1224 179 25 3 5 75 219 55 55 2652 270 280 200 320 3831 449 270 225 5236 405 164 247 20 84 2155 337 270 67 280 327 10747 920 467 1690 5296 1268 17606 42931 52059 8958 0 1014 705 893 197 719 899 21474 23597 225 360 6235 240 7596 247 168 150 168 162 421 210 656 295 178 58 100 100 87 422 208 23 21 18 95 421 309 224 196 224 323 463 309 118 87 263 351 -9999 -9999 209 348 196 176 235 196
116 116 80 135 26 0 67 134 77 58 135 180 240 70 112 315 405 247 3910 67 270 270 270 1888 84 195 7753 91 315 82 350 561 613 584 993 2497 3504 2817 14057 16902 12789 16018 467 197 360 105 2376 62 169 7169 8859 67 562 270 247 139 19 168 168 168 114 197 1820 175 158 449 6508 499 300 2816 299 421 2288 252 421 299 295 4811 238 187 154 463 421 142 95 1403 1403 -9999 -9999 13 59 313 156 274 176
116 173 259 14 5 0 30 20 22 99 112 49 5169 270 202 70 105 315 270 152 270 270 270 3 51 55 59 63 374 374 20 561 619 9077 19979 69849 12255 2352 1014 908 563 204 117 105 3955 70 270 449 197 1303 1918 1348 629 337 300 61 53 168 252 224 61 575 673 598 9761 617 126 673 425 365 411 449 505 421 299 299 337 168 295 337 379 7321 379 252 2674 986 263 18 -9999 -9999 65 348 176 254 258
34 23 8 12 1118 5 8 3116 219 131 180 162 200 270 180 225 152 4323 270 63 270 270 51 60 260 56 49 60 332 62 187 93 125 377 33687 47663 20069 1550 234 482 88 117 70 98 75 51 270 240 184 357 146 1573 652 668 705 289 79 3525 182 122 240 486 527 399 499 499 399 281 257 61 291 491 524 379 295 168 2698 262 299 421 4965 589 337 210 118 142 263 66 -9999 -9999 22 76 137 6553 217
25 3 10 16 350 2565 3 6 394 353 6790 153 88 360 280 247 169 472 270 375 574 111 350 87 375 67 67 67 374 70 350 1993 123 208 9505 31287 9455 4619 392 140 161 146 130 139 2381 67 51 270 270 472 1057 22868 1322 1057 207 179 196 182 252 295 223 474 798 324 449 243 393 5785 399 5785 399 374 358 374 224 4264 224 213 273 12160 757 549 349 154 33 55 285 -9999 -9999 -9999 12 78 78 98 204
12 16 305 126 252 140 156 14 18 285 263 175 30 1601 315 292 152 375 449 325 11362 101 202 3527 90 101 400 449 539 10653 491 101 66 123 263 1121 588 25086 10243 7431 95 53 49 53 70 53 280 99 793 8063 1057 1322 1410 1234 1057 661 661 182 168 168 252 365 4862 549 5260 365 240 344 203 203 449 598 14250 435 249 233 189 3629 324 870 561 5834 365 224 224 14 148 -9999 -9999 -9999 -9999 43 78 113 17
98 125 112 224 182 100 31 15 0 14 195 153 99 220 315 5259 7753 300 524 80 75 175 643 24 270 67 639 225 169 93 110 76 901 1190 1410 496 449 5888 314 54 12 19 491 79 66 762 793 925 793 289 925 1146 620 1762 441 881 661 196 182 168 210 337 575 7784 954 476 524 385 449 449 415 898 561 424 287 133 393 399 374 14137 748 327 617 394 349 5685 68 55 -9999 -9999 -9999 24 43 54 3929
56 100 182 4036 100 100 4 3 632 0 18 186 2258 360 270 315 472 300 94 10226 103 6093 539 4420 300 1938 1905 449 380 49 45 1270 99 573 215 551 5111 441 367 901 289 62 165 165 793 793 289 14937 595 925 20048 1322 606 661 1586 1410 1234 224 196 168 168 55 105 140 1156 699 1546 405 405 499 997 997 631 8107 212 243 196 299 421 349 240 240 549 701 337 400 -9999 219 16 -9999 -9999 -9999 11 139 2036
84 1626 262 336 168 481 149 31 168 0 3 47 197 240 270 240 8540 140 405 549 1475 94 360 184 36 114 315 315 3933 270 733 51 529 529 1018 465 620 606 1234 837 573 248 110 155 397 529 529 6246 496 881 1013 1234 20444 364 5750 364 20444 224 295 4839 224 182 152 197 95 274 399 8766 561 557 18113 499 499 561 449 399 519 6494 324 168 486 12118 673 379 489 175 55 219 55 -9999 -9999 15 101 2017 326
126 187 406 252 2890 224 121 112 84 0 2 3 1511 75 270 337 472 270 4345 61 70 699 378 2418 678 42 63 51 51 51 51 51 270 99 1057 1586 1718 1851 1454 330 1057 822 705 661 793 397 397 793 573 661 1234 198 441 1762 30667 539 392 441 17624 168 103 103 11 84 299 5785 470 698 1611 1636 623 761 533 533 15848 898 898 757 486 4600 757 421 337 4881 643 351 140 771 11 -9999 -9999 15 217 78 435
126 252 561 252 196 246 13 126 36 0 105 0 7 67 337 472 300 300 270 300 292 231 21631 37680 1097 29 485 270 270 51 51 51 529 529 1057 1322 1586 1454 1586 1586 1322 969 925 207 529 529 529 573 661 705 231 1410 496 364 330 1410 1057 386 13551 529 470 4 8 187 351 249 399 9630 11117 14768 1455 6896 553 14299 1010 561 449 379 673 547 379 337 134 140 219 -9999 455 44 66 -9999 -9999 -9999 92 1847 489
1654 3550 105 196 4765 182 140 19 234 23 56 967 0 53 126 94 94 94 84 84 420 252 544 1087 430 88 34 1081 337 51 51 270 529 529 1057 1410 1454 1057 1322 1322 1454 1322 1190 1057 116 793 297 347 397 386 1410 1939 1939 2115 969 955 573 705 822 470 529 15069 98 252 196 6452 399 17459 15468 19576 1611 826 631 729 505 421 281 309 3310 281 4797 196 140 112 935 -9999 175 99 175 82 -9999 -9999 29 417 4434
199 249 112 168 234 294 168 168 53 55 62 392 4260 4 2444 88 126 337 360 382 157 8 12 6 300 152 3776 20 32 101 150 1105 165 587 940 1586 413 925 793 940 1057 22868 1454 1454 1190 15333 1057 220 358 20444 1102 1652 24619 441 441 3332 573 529 15201 793 529 168 65 150 249 374 648 1450 9103 2689 423 505 273 112 312 2510 168 154 126 112 112 126 140 126 12051 25 468 1641 1286 146 16 -9999 -9999 -9999 105
112 112 125 109 156 4793 210 168 58 413 155 252 7225 21 78 8590 300 524 292 270 60 45 8 45 360 270 615 67 27 12 16 5 173 330 1057 1586 1322 793 529 661 1057 969 1057 1454 1586 1586 1190 330 386 496 1432 1983 1102 441 220 1057 837 179 83 925 150 168 84 152 324 491 549 449 393 351 252 196 182 168 95 42 168 168 154 125 1655 140 154 154 2562 47 7 71 140 2542 146 -9999 -9999 -9999 489
156 187 125 44 154 149 166 95 182 218 147 2486 168 6502 0 72 449 84 52 247 5304 67 213 380 44 247 427 270 51 51 51 51 22 4819 289 454 1057 149 289 248 289 1057 1057 1057 1190 1454 198 1190 4902 2115 617 33981 606 275 330 220 386 661 165 295 47 150 28 126 407 2569 486 337 210 168 168 168 168 168 95 11 42 1227 55 66 11 37 1047 84 1403 1403 -9999 2412 79 1403 643 49 -9999 -9999 489
140 218 252 102 88 252 210 4298 202 4235 294 58 5 23 0 5 6418 300 51 961 202 225 225 202 202 202 5169 51 51 84 72 197 426 376 160 240 173 165 83 21 83 41 165 793 1057 330 413 4874 1454 565 496 231 1751 1751 264 220 881 10751 1146 337 1189 72 47 12 2929 4854 189 295 168 95 47 112 11 11 11 140 126 234 292 351 58 15 24 10861 1143 13791 10 1075 126 79 1724 115 -9999 -9999 609
154 4260 4877 336 4877 105 336 374 374 105 296 311 603 4 0 0 1524 405 105 225 180 56 180 160 130 180 59 51 51 91 126 297 9583 661 463 17 124 149 1057 264 14937 157 83 121 28 173 198 595 21 28 66 83 0 176 55 55 33 15 138 2454 3415 158 158 115 1028 587 134 42 12 1171 345 1169 1655 126 112 1627 112 1627 126 2299 241 263 95 4285 -9999 99 44 8 842 55 36 175 -9999 -9999 -9999
4235 249 308 420 498 533 411 4134 462 304 420 420 378 189 0 29 66 48 225 202 180 180 29 4515 280 315 67 51 34 275 1234 1983 323 235 4614 253 154 184 182 154 297 193 881 330 248 155 41 76 248 606 364 1013 14805 749 1619 24454 1751 1605 397 126 98 4797 101 75 47 13 84 2468 168 116 126 1627 112 112 112 112 112 112 112 112 1641 140 79 723 1655 28 -9999 -9999 14 2370 140 37 -9999 -9999 -9999
280 4793 210 645 4975 280 118 1495 174 29 598 673 757 547 0 189 4737 39 180 180 180 180 180 180 180 84 34 55 116 386 441 1851 297 1234 1057 289 262 68 68 11 318 317 330 248 220 165 529 179 386 468 661 25980 2313 2220 1322 1157 1110 24950 386 204 11 7 13 42 168 2440 252 168 168 252 2356 28 140 126 1627 1627 112 112 1627 112 112 112 112 140 154 126 1223 16 -9999 12 112 1636 -9999 -9999 -9999
7189 448 364 224 199 76 140 32 34 213 202 260 357 759 16 24 196 180 56 180 180 180 180 63 42 67 63 231 1410 1410 1983 1305 808 793 617 179 248 179 190 1322 281 413 413 749 179 529 529 165 207 358 468 661 1301 1762 1597 1591 1377 1377 725 105 103 25 1516 140 154 168 295 168 32 21 32 21 8 19 39 112 112 112 1641 126 1627 112 126 1655 154 140 935 115 115 12 11 -9999 -9999 -9999 11
374 308 162 120 23 37 149 44 320 4 6 16 21 180 219 0 155 350 400 400 78 270 202 42 147 101 101 1410 397 5750 1762 754 318 13395 165 529 248 173 190 1146 7138 349 240 198 207 165 165 165 165 207 358 1674 1520 1983 1873 600 1267 25500 1157 203 110 24 108 1697 154 168 252 168 53 32 39 47 32 6 14 126 140 112 112 126 1627 112 126 126 126 126 655 1227 99 55 140 16 -9999 -9999 134
420 175 28 35 31 47 47 30 0 0 19 1 18 5 21 52 0 156 7664 98 51 67 103 133 101 126 152 177 185 20797 862 5271 734 485 485 165 165 661 93 112 1190 397 446 207 275 179 165 248 330 330 1146 1322 1308 1310 2859 4627 3525 464 1041 888 110 53 20 166 4755 168 252 168 458 32 168 1512 30 21 11 16 168 140 126 126 112 126 140 1066 112 1655 1169 292 54 154 42 95 -9999 -9999 -9999
252 12 7 4 5 126 19 24 0 1 24 1 14 3 6 2521 254 0 6 85 51 539 232 84 169 253 232 246 135 118 472 207 485 397 397 441 485 793 62 155 186 4792 537 702 317 303 330 330 413 2115 1807 1498 1410 3830 12571 8905 8905 2313 393 1371 617 212 47 2567 337 4839 252 168 168 32 32 4797 168 18 368 95 168 2440 168 140 112 2412 168 31 154 168 168 3813 42 275 10600 66 11 -9999 -9999
448 15 5 4 4 37 2 1 1 3 4 25 30 4 4 6 294 1965 4 0 4 57 2200 228 152 253 139 118 101 67 59 51 441 397 441 573 397 881 496 529 289 83 330 537 744 661 661 661 744 1718 661 744 40044 8817 8381 8846 8905 7333 573 881 330 297 165 520 793 4881 168 168 168 458 32 210 47 32 0 168 95 168 168 140 112 140 168 42 168 168 168 1403 42 54 2811 88 6 -9999 -9999
188 304 140 6 3 4 2 0 15 80 26 8 3 2 45 123 178 301 94 11 0 0 0 0 59 607 1966 674 150 719 629 105 7623 485 529 1065 441 15113 529 165 165 248 83 330 4874 413 413 413 372 132 198 859 1807 5451 8323 14667 11524 1938 1897 1057 207 15289 93 93 4932 661 529 66 21 21 168 168 37 23 95 2440 168 2440 95 154 140 2426 168 42 150 4264 262 252 168 95 11 -9999 -9999 -9999 55
