data/prd_sim_ascii_n_44384655.txt
NCOLS 203
NROWS 164
XLLCORNER 112.789
YLLCORNER 22.15
CELLSIZE 0.008333333
NODATA_VALUE -9999
[rows 42 to 83 of 164, columns 95 to 189 of 203]
423 458 470 376 376 212 4431 423 423 6135 635 564 564 564 9309 564 740 688 15127 476 370 370 264 423 423 6744 238 198 423 212 517 6241 431 317 300 194 212 115 89 102 204 345 447 383 6584 383 6622 383 242 204 153 128 102 102 91 102 128 153 2220 140 128 128 179 230 3947 78 38 7 5 3 2 0 1 2 7 9 230 24 8 28 374 408 459 3300 6738 10749 268 164 181 77 14 5 44 185 315
302 484 12112 494 353 370 439 458 529 635 646 588 588 588 588 16632 264 846 529 470 470 44 235 119 159 317 353 353 529 635 635 490 392 335 212 212 317 217 140 230 306 3981 421 383 345 306 306 421 383 357 255 268 193 38 38 6 153 140 102 102 778 68 79 109 221 172 140 71 6 26 15 13 21 9 9 11 75 1659 204 238 172 421 917 6646 2750 1084 5 11 41 38 30 34 100 99 5696
345 564 752 564 494 564 564 740 9203 588 470 411 353 484 143 118 509 137 549 372 264 6700 119 255 274 247 274 411 549 607 547 494 333 255 235 6083 191 191 4849 191 306 421 57 383 306 268 268 383 459 459 459 459 383 4440 77 230 191 128 89 29 51 51 51 2586 272 306 306 4440 204 26 128 128 128 128 77 48 79 40 52 67 124 16 26 92 2610 217 45 15 1 0 6 14 72 142 5755
259 388 846 599 599 635 10908 8269 494 458 317 229 255 39 1884 470 5025 18 20 274 294 220 132 274 282 282 282 361 564 494 423 49 313 294 353 268 166 170 170 170 298 306 421 459 421 306 306 306 306 345 383 383 319 255 306 345 4440 77 77 77 77 77 77 128 268 281 230 272 166 136 153 153 153 48 26 102 905 25 102 2680 6 102 89 1480 74 22 6 3 4 125 4 32 53 89 103
176 564 690 1463 599 776 846 564 564 151 212 46 62 53 72 35 19 50 88 323 118 132 132 274 313 313 8933 470 313 313 176 282 282 204 306 227 198 153 170 170 170 302 332 345 510 468 340 306 268 268 4440 306 281 255 255 293 68 128 57 57 128 128 128 128 22 2297 268 172 89 51 91 74 102 1316 102 55 39 7 38 6 102 77 51 51 31 2 11 2 2 4 9 23 10 9 435
423 564 635 1693 846 329 564 564 494 191 307 13 156 59 5 80 92 353 1313 974 734 541 155 230 155 39 155 232 527 176 454 353 902 329 6522 227 198 181 181 170 153 170 4891 340 425 468 425 345 306 281 312 383 306 498 10833 255 136 115 181 3662 230 108 153 153 153 128 166 153 115 25 68 5 32 14 18 3 4 3 28 13 26 452 20 1 14 1 1 2 4 8 61 17 1429 368 177
627 627 11096 1693 153 157 78 63 104 13 15 78 46 31 247 15961 835 835 3690 4863 1082 17773 927 8964 618 338 695 1116 921 398 170 758 17899 17133 181 204 198 170 170 170 32 170 255 340 7358 590 590 6622 383 421 468 6661 459 536 421 306 255 345 227 217 227 293 268 230 11 23 47 77 51 10 91 83 74 46 7 20 3 8 10 4 14 31 4 13 0 2 0 20 28 57 135 14 12 184 237
1034 1128 1160 9927 11340 359 404 261 1195 11 261 835 15717 618 1082 773 174 556 174 556 974 556 927 773 927 966 1347 1871 41076 439 232 104837 65530 16383 1782 348 336 12 223 85 85 33 43 0 131 5912 22 21 367 383 425 383 383 421 459 383 345 434 498 408 510 408 36 140 111 91 51 51 51 77 128 3675 32 6 8 4 876 60 30 7 3 3 3 2 2 6 30 24 5 57 1722 23 30 22 118
529 8111 26 39 39 36 50 22 127 974 13446 773 1043 974 773 556 591 626 591 556 15996 556 15857 927 835 556 1043 591 773 5602 1319 1294 3185 1214 22 78 83 337 435 1043 927 456 580 695 217 1855 927 191 93 85 340 255 268 306 421 459 383 96 96 7337 345 281 191 153 125 87 23 60 51 77 102 166 204 129 8 1722 91 91 60 23 17 5 2 0 21 25 54 5 5 13 12 48 72 40 22
423 183 147 730 626 11997 209 1252 1460 398 835 904 1043 904 522 556 896 973 913 556 835 556 556 556 1113 556 17317 278 371 261 417 1669 1669 1252 974 974 765 904 1148 1252 1148 939 835 835 12310 1669 835 12101 348 103 64 170 4326 393 5605 118 115 357 281 134 182 258 357 362 181 53 17 37 37 60 87 1715 125 8 136 151 151 121 30 10 12 2 4 6 6 44 5 3 5 53 57 114 3511 391 427
116 556 626 417 417 52 17 104 23511 270 1460 489 287 591 1123 556 556 806 913 626 557 626 626 626 1043 278 278 261 935 1484 1460 348 21420 1360 1182 14218 495 730 835 17839 1391 1391 1159 1275 1460 1356 1043 1043 927 522 96 11 85 21 134 459 18047 2086 1565 1198 365 435 5421 332 302 819 54 7 14 8 8 0 1128 181 2628 181 51 120 49 8 2 2 6 0 2 2 23 11 7 61 64 187 40 59 66
522 371 6051 417 417 52 17 170 65 139 1252 23924 1669 1391 1847 835 904 1266 661 739 1174 24472 739 522 313 386 1205 835 1130 12379 904 835 1113 1484 1460 835 835 522 522 835 835 1148 12414 1252 20168 1148 18047 1252 1148 835 904 927 121 574 1356 835 835 1669 1275 1495 1600 435 1321 362 257 121 121 60 11 30 17 9 38 76 134 16 4 8 57 19 34 654 38 3 9 4 47 3 4 3 23 247 148 15 37
649 522 417 417 104 104 417 39 104 904 1182 1391 1669 1669 1391 1495 1321 1391 913 826 869 1352 251 309 12116 313 1105 904 703 742 730 104 974 626 1565 23680 939 835 417 417 730 104 835 835 1148 1252 835 1148 1252 1148 1043 12518 1655 16320 804 649 603 21548 1356 835 1356 12982 1878 408 332 228 227 74 15 17 7 7 12 15 91 45 27 6 21 161 151 136 121 181 3534 316 196 240 1997 200 258 118 192 108 11
417 12101 235 104 417 417 417 104 117 1252 1356 1565 24202 1669 1669 46496 2086 1652 1468 5785 4881 1446 1468 1193 1431 1704 1051 974 661 452 556 235 452 209 678 1356 1148 417 352 301 730 352 522 730 1043 18152 835 835 1043 1020 18152 1252 1148 1252 939 835 888 46 1669 678 927 835 7172 1669 408 362 5195 40 67 35 25 21 2 3 23 17 12 15 136 2628 181 181 181 2416 393 284 151 196 151 24 30 7 53 74 41
730 626 93 417 371 417 417 835 20052 1217 1182 1043 989 989 1113 974 1913 2347 9762 57580 78099 78099 36609 2347 1700 1321 927 495 464 313 6689 417 10571 742 835 1148 701 742 626 626 10664 261 464 626 1043 1356 1113 835 12240 904 1043 835 939 1252 16135 939 417 209 1484 1043 678 456 606 1565 887 143 23 191 60 41 9 5 3 2 3 37 94 1265 81 181 120 161 109 1363 322 196 242 5316 483 295 322 57 30 9 45
1487 417 93 371 417 464 730 742 1008 510 695 1847 1252 1113 1113 16204 1468 1869 14747 95454 117148 117148 62642 1956 1321 1182 835 835 450 509 626 371 556 464 835 9076 626 835 522 730 522 587 487 730 974 1565 23924 974 835 904 587 626 835 835 1020 1332 742 979 30148 1078 865 591 1857 695 522 14605 1043 408 126 60 203 47 98 49 87 2309 92 37 215 2336 201 242 228 408 403 4712 309 604 604 680 11397 296 214 171 92
452 311 104 6051 417 10478 371 464 91 452 495 1113 39502 232 1113 974 2644 5207 41352 98600 97624 76146 7231 1970 21698 989 1236 1391 1391 548 365 695 510 127 804 1298 861 52 12066 464 452 904 695 989 765 1484 989 522 556 15996 487 371 730 835 1148 1252 804 1947 1426 1113 1113 680 804 1669 1669 1252 1148 869 322 362 249 5346 423 215 33 196 215 242 166 71 90 62 403 544 544 453 5346 725 408 453 725 473 473 342 420
156 5 120 417 417 235 346 93 433 15857 974 1113 1978 1669 1113 40632 201 2603 55826 70484 4230 4628 1005 1043 792 1530 1669 1484 1391 14342 587 904 974 974 927 1252 24202 1252 365 417 452 587 1113 1113 1669 2504 1808 1113 1113 974 904 487 12240 1252 1113 1148 904 1634 2133 1607 1978 2225 1824 2052 1113 1252 18152 1148 302 302 302 378 362 362 66 227 66 181 3061 1169 68 45 378 498 62 453 498 725 725 589 7792 263 4652 710 5263
246 0 348 417 130 73 1394 33 33 417 556 1113 1391 40059 216 742 711 1391 112594 7810 1391 753 804 213 313 587 6885 548 567 704 18152 704 12310 1217 695 782 939 1252 70 487 274 587 904 17479 1360 21389 1356 2086 1391 1252 989 556 989 1321 18047 835 835 904 1051 1391 1236 261 17153 927 18152 939 1043 1252 347 242 272 332 649 438 272 45 61 38 66 84 85 57 378 8804 725 815 725 7974 498 725 1047 8574 526 246 199
435 27 348 626 8763 333 98 417 443 522 556 835 406 927 1236 974 1182 1391 1066 695 1252 386 253 155 216 189 649 293 835 742 939 528 1043 1252 9232 1484 1669 1391 974 139 556 7789 1391 1669 626 278 1391 1017 39780 2225 989 974 974 1043 974 8346 487 626 765 765 765 680 695 835 835 835 326 156 7838 453 498 544 119 79 54 11 10 9 28 151 166 34 408 725 589 5346 362 498 544 18278 725 429 266 142 21
48 435 713 357 323 652 109 44 163 6144 5705 85 78 835 1113 1113 1391 1669 478 185 904 522 477 5977 145 226 100 649 209 298 626 591 469 742 989 1669 21513 1530 989 495 139 865 1252 21760 1391 1113 209 1113 1260 2473 2234 1401 6568 591 556 495 495 522 556 6051 371 371 417 522 417 626 835 498 170 503 453 453 102 57 646 23 23 63 181 181 181 227 362 5255 362 403 362 498 7883 604 362 649 664 470 240
109 109 924 652 652 290 3188 78 141 2413 1422 556 40974 2367 16204 1530 21389 287 989 753 477 495 402 800 226 365 227 4951 348 626 417 333 522 313 804 1205 14620 1252 1113 14095 417 618 1113 14960 2225 989 495 730 1433 1739 2473 1391 695 700 556 556 556 556 695 417 464 417 730 522 417 417 730 362 4712 362 272 362 362 322 362 181 57 181 181 272 282 332 302 332 238 362 453 403 227 378 302 347 3504 111 949
489 109 706 598 598 27 598 452 464 104 93 93 1229 695 4255 1484 220 865 435 330 261 297 5928 365 203 8589 278 201 191 234 7047 556 661 742 742 11220 29940 1298 1020 989 742 495 989 989 28730 989 575 661 1391 2782 27046 1391 695 587 591 8067 556 522 661 417 417 730 580 464 417 58 522 272 272 227 181 227 272 34 85 334 362 332 332 221 3774 362 362 362 322 3175 117 166 322 268 215 215 111 47 8
380 156 2456 163 598 181 163 252 313 104 591 435 2143 1391 1484 1298 151 742 371 556 8664 464 377 452 301 19 0 61 58 60 309 135 10602 730 742 26706 835 927 1298 1236 989 865 14342 1808 1978 989 575 556 1321 22351 2260 1391 661 383 715 835 800 800 730 464 742 522 417 522 626 626 626 65 417 417 417 417 417 626 730 680 203 408 408 403 294 362 302 272 148 67 40 242 295 322 4645 309 196 74 4
380 70 278 109 91 33 869 53319 591 435 516 1217 1252 24202 1360 487 527 10602 106 464 383 7789 371 452 199 21 2 17 168 39 12 255 371 835 939 1356 927 417 1113 1391 1530 989 14342 1113 1391 989 495 618 1294 913 2009 1321 753 14218 145 487 452 730 371 626 522 556 10571 284 417 835 12101 835 835 156 835 12031 765 765 338 209 185 295 67 185 272 242 242 181 134 121 47 215 302 362 268 294 194 83 74
285 598 465 151 163 292 151 522 482 695 1217 1236 2887 1484 989 773 371 63 276 301 452 170 429 706 32 21 19 0 209 162 12 162 464 10756 927 1669 835 10756 835 989 1484 1669 14589 1113 695 1113 695 15857 835 1252 23055 1035 804 556 487 417 417 649 464 527 301 209 301 730 939 1252 1252 1113 1148 1113 904 695 661 661 649 446 136 188 148 161 91 166 106 91 106 107 151 242 332 322 242 94 166 111 47
163 163 367 367 398 35 313 313 181 1148 17927 1511 616 1113 989 556 170 301 52 26 527 301 371 383 47 38 9 1 93 116 39 39 446 835 26706 1205 742 464 464 12240 989 1236 1484 1408 1484 989 742 742 695 14342 1607 2225 1113 556 298 417 255 730 313 8589 371 234 257 287 701 255 270 678 595 251 487 603 464 77 77 77 109 87 37 386 22 17 1557 54 91 121 211 76 362 5195 175 54 10 131 65
598 109 652 163 169 39 556 556 17495 2533 1216 3153 1113 927 553 271 209 255 301 209 495 309 347 446 116 64 41 59 209 301 319 510 742 1205 1205 603 591 371 170 800 711 1113 13088 5170 1113 1113 618 495 865 703 904 2225 989 502 145 126 556 417 325 139 116 108 155 232 4828 311 193 139 32 16 93 162 108 139 1569 185 3 0 0 6 8 4 3 25 30 134 242 332 362 211 68 20 6 38 40
348 104 435 145 448 556 495 974 743 2615 1530 1391 989 15891 626 7171 78 141 276 371 301 10509 148 116 61 527 5946 276 239 464 603 835 1484 1669 835 553 191 170 5998 649 711 773 4888 4922 21513 14466 1113 626 974 487 1005 2225 487 742 495 464 162 270 57 20 20 17 18 406 109 139 11 12 87 145 35 5 23 3 6 176 10 2 18 13 17 13 3 2 13 27 91 196 43 6 10 3 13 3 23
925 134 367 45 81 174 556 835 1182 3799 1495 2689 927 402 170 301 5776 301 84 174 70 116 5 17 70 93 452 402 254 527 835 26706 26242 939 835 402 452 556 433 371 730 626 804 974 1205 1055 1055 18082 1020 680 1607 1252 1252 974 15996 618 417 309 340 6383 185 299 2256 829 618 330 85 70 46 64 23 3 31 23 3 35 13 20 0 0 0 3 10 0 10 2 0 120 70 34 37 54 10 17 8
543 41 -9999 44 141 163 174 4443 989 1576 1495 865 433 556 742 301 116 174 433 213 139 46 52 85 255 116 383 11892 301 804 1634 1731 804 730 319 10602 235 87 340 464 626 371 556 649 742 1043 835 927 1298 1020 1978 1530 1287 17978 974 290 309 247 371 1391 487 893 765 678 603 93 22 46 8 14 3 23 8 8 23 100 15 5 2 0 2 0 0 0 0 0 3 12 1930 27 81 44 17 6 13
326 -9999 73 130 104 452 15961 974 1252 522 435 742 433 209 377 117 78 0 48 58 278 62 62 33 39 116 340 605 547 863 2121 1515 904 556 649 433 292 235 527 5998 301 371 5929 309 695 556 835 742 927 1356 1565 1321 1356 1252 348 377 808 854 956 1105 4486 406 185 139 65 12 70 58 15 3 19 35 10 23 0 0 7 2 0 0 0 3 0 0 0 0 0 5 17 3 65 35 17 2 2
-9999 151 1134 70 26 417 452 939 1252 1669 989 711 232 371 301 226 319 261 464 10756 122 46 7 8 46 87 156 191 383 742 896 1545 417 452 649 525 12603 99 132 5564 371 301 525 247 7233 309 234 452 8740 1113 1252 12171 742 232 232 162 191 209 1205 1055 730 829 185 87 9 23 23 23 23 13 3 3 2 6 3 0 0 39 2 2 0 0 0 0 0 0 3 5 123 57 148 47 26 3 7
6 98 340 423 367 430 235 765 16135 1669 1113 377 176 301 52 162 60 43 5981 5564 25 2 0 3 1 10 62 201 309 188 1356 1298 742 301 371 371 0 104 371 730 626 371 10602 433 209 170 87 97 553 1113 974 626 174 216 402 20 116 232 417 3361 446 765 156 46 104 2 39 9 2 9 2 7 1 2 7 1 0 0 0 0 0 0 0 0 2 2 2 17 76 13 102 59 5 3 6
27 315 282 3188 417 7003 417 695 1321 1669 1113 495 243 226 100 65 91 174 81 326 77 0 2 3 7 19 9 247 495 742 1130 753 10756 371 26 0 209 145 464 525 319 433 100 85 104 139 61 7 313 574 17873 433 77 77 62 46 18 39 9 160 603 232 765 406 46 41 70 13 2 2 2 7 6 1 10 7 6 2 2 0 2 0 0 2 2 2 3 8 3 30 113 9 5 4 40
254 6357 543 531 235 261 417 352 1252 1669 209 865 87 145 116 226 162 352 104 174 11 7 6 7 9 9 46 226 556 603 1184 1484 742 464 371 209 371 226 477 309 7109 135 247 29 39 87 1831 239 133 958 17943 230 52 46 46 6 12 9 8 213 618 4706 574 1252 446 46 15 9 9 2 2 2 12 1 9 7 6 2 0 0 0 3 2 0 0 3 0 6 3 26 10 60 6 5 19
87 471 49 215 235 235 235 626 1113 24202 1530 989 703 124 93 87 108 311 70 93 255 12 9 9 9 70 313 477 7078 742 927 1484 742 464 556 556 495 402 226 278 417 78 62 77 62 25 203 325 487 626 510 243 11 7 46 20 13 9 8 77 191 649 139 209 829 527 20 6 10 20 30 56 41 7 3 12 11 1 7 3 3 3 3 5 2 4 3 2 3 5628 483 83 55 13 38
500 116 54 196 417 235 235 293 974 209 4538 1360 556 379 510 618 278 711 135 222 139 11 9 12 12 30 29 14 155 603 1484 11127 835 556 371 301 234 191 77 170 255 58 26 15 24 18 23 701 765 152 113 9 30 13 7 10 16 41 22 17 255 100 742 352 226 17479 595 247 70 116 124 390 66 83 57 9 126 28 94 10 92 42 228 2 0 3 3 8 15 123 498 544 70 54 13
367 367 87 6016 417 417 452 6120 661 989 1252 1205 53 0 62 603 14095 865 974 578 81 24 21 48 47 25 11 19 22 54 1978 804 527 301 255 12 19 16 10 77 22 13 18 15 12 16 29 904 406 183 87 128 77 18 14 213 35 16 10664 695 433 330 510 742 653 328 1669 1669 1252 1182 723 753 124 17 65 70 209 116 9 30 9 121 227 74 3 3 4 71 204 327 251 251 159 60 40
-9999 163 163 417 235 104 274 556 556 1182 626 730 1453 1082 14311 1043 1051 974 16135 1113 680 556 309 43 31 31 100 128 39 171 1205 406 116 70 255 32 12 15 22 13 25 27 13 7 14 27 10942 1252 765 377 156 139 201 46 18 22 11 54 106 765 742 974 556 464 427 753 1252 1530 1669 1773 2993 1113 377 402 91 23 32 9 6 4 92 121 81 5 7 2 10 8 10 876 45 67 272 332 166
-9999 -9999 -9999 652 443 423 3606 522 556 913 1545 2086 1739 1130 3006 20273 1175 1600 1453 24063 1084 1256 522 1190 462 588 225 930 695 920 174 54 16 126 100 101 51 39 48 20 14 7 9 11 11 24 365 1043 618 371 70 487 170 46 7 12 11 43 340 487 695 8485 556 556 155 283 216 680 1005 24063 1669 1113 1113 869 209 93 30 17 3 4 11 4497 37 7 17 54 87 12 21 408 251 38 185 302 185
16 -9999 -9999 181 3477 869 706 4057 837 3105 4057 6369 2086 1855 2086 1913 2434 44753 1762 1450 2089 1700 1169 1236 1623 1893 1884 1248 261 514 216 193 278 261 377 413 89 45 15 17 11 16 61 405 383 468 701 958 26 170 201 2183 70 9 7 12 20 14 402 35 313 835 556 556 495 402 216 417 379 904 226 293 1321 904 730 402 2963 43 13 4 106 35 6 10 4 12 76 92 185 360 211 67 8 166 268
