data/prd_sim_ascii_n_44384655.txt
NCOLS 203
NROWS 164
XLLCORNER 112.789
YLLCORNER 22.15
CELLSIZE 0.008333333
NODATA_VALUE -9999
[rows 84 to 125 of 164, columns 0 to 94 of 203]
5185 448 249 87 19 1 9 9 3 25 31 4 5 10 1456 61 474 276 301 429 11 0 3 0 85 42 147 883 186 2920 110 88 149 151 76 426 364 485 529 99 66 248 4750 83 186 186 330 248 793 705 925 15333 1057 11456 982 6635 2372 164 1410 343 1057 289 262 655 496 297 529 529 168 53 168 21 39 321 39 5 168 168 95 42 2426 140 2157 95 150 224 103 2419 168 2454 504 157 77 -9999 24
473 411 273 91 23 3 3 6 88 113 16 131 50 70 361 442 132 271 203 226 53 0 14 32 5 0 30 51 51 0 0 0 4 145 350 206 749 485 529 529 529 248 165 66 66 248 33 4792 330 198 1190 182 1586 413 771 20444 1762 2115 313 6570 661 308 595 925 793 508 149 485 168 21 21 32 168 168 37 891 42 154 1655 154 42 183 569 1403 210 115 47 47 182 25 986 137 74 5018 164
322 137 119 37 31 54 31 94 226 276 141 88 50 8 45 7047 7815 326 226 294 339 288 0 13 42 34 0 0 51 296 144 0 1 0 1388 220 264 165 165 165 529 4668 289 99 248 330 186 217 496 182 165 454 5267 74 308 6389 539 822 1253 1102 793 749 705 55 0 14 0 110 154 168 168 168 154 140 739 140 140 28 31 35 84 526 14902 66 299 47 37 1344 4755 3212 182 84 122 1013 929
1174 3 25 34 11 65 166 281 3004 158 156 181 261 3817 359 587 339 392 7725 316 376 120 587 102 2753 678 87 2661 587 120 3255 278 11 1 93 255 372 234 275 881 262 248 289 330 1057 1322 454 124 273 2842 969 94 322 793 617 264 507 101 248 1278 1322 628 116 188 62 151 185 7 275 140 140 140 126 100 56 81 112 112 98 150 131 44 11 18 4740 237 70 154 168 168 168 162 76 91 396
31 11 14 5 31 25 6 110 131 102 132 181 228 402 542 813 663 482 462 381 198 678 227 678 282 7108 440 331 90 96 94 2766 226 0 43 392 617 705 969 1102 1234 330 330 15465 1586 23000 454 316 69 160 103 207 165 165 103 1253 2199 1370 1146 127 122 88 17 112 179 91 83 101 138 234 112 112 112 31 44 31 112 53 42 112 18 1627 678 87 7 126 224 4755 210 70 2974 101 32 9 422
3 7 33 16 9 12 20 53 100 62 221 3494 361 408 610 11723 7928 678 9256 678 723 289 783 723 456 392 422 158 2 14 3336 103 148 9 8 83 193 1013 248 1454 454 4874 496 1586 454 372 303 88 207 72 529 437 105 66 69 248 104 8218 7305 1763 491 991 633 318 668 529 5243 2006 0 34 614 2144 126 38 61 84 84 70 7 5 9 14 117 131 18 8 12 84 49 168 323 82 54 81 11
9 9 12 23 4 189 7 7 11 110 161 248 361 610 602 542 542 10420 723 703 858 783 602 482 497 6867 212 50 3 32 118 18 15 4 0 0 81 344 1586 1454 1057 182 454 1322 330 275 165 110 44 165 193 72 705 99 89 6679 6154 11952 8218 10834 2777 158 2776 1807 330 151 138 297 275 52 18 35 31 827 56 56 56 56 56 39 98 1199 8 754 53 168 337 58 -9999 47 168 295 112 50 115
5 2 2 4 19 61 35 23 70 1601 241 241 152 228 402 3785 226 326 13904 964 8467 587 339 359 261 163 141 44 25 11 1676 72 174 64 0 23 0 21 149 273 176 1057 132 173 248 151 138 124 352 352 228 243 83 99 427 8964 11952 8616 457 5593 6620 3437 799 1807 330 749 485 93 1578 1968 32 0 14 56 56 56 56 56 32 56 98 296 9 97 44 351 66 66 18 -9999 12 168 182 3464 56
2 2 1 2 7 3 20 4 161 105 166 181 90 179 1990 321 221 457 1084 440 112 632 602 462 221 3147 98 80 55 106 121 38 27 43 0 25 99 198 434 0 0 14 1096 165 165 147 66 151 138 124 151 99 165 112 93 3077 5507 1519 127 1329 1573 355 1146 1057 1057 529 183 102 102 326 1608 1187 0 0 32 56 56 56 56 56 84 3733 99 126 758 168 168 168 2440 275 20 12 224 78 129
4 12 2 244 4 8 25 26 110 138 2822 2329 98 163 228 3785 4819 13883 555 248 235 2038 304 5644 294 158 83 25 45 129 1359 15 387 149 0 15 179 151 793 744 66 176 11 52 159 147 165 99 66 151 151 165 204 0 2297 64 213 297 20268 1410 304 8151 1102 562 37 76 305 122 183 326 326 326 142 11 0 10 123 10 143 92 117 84 71 18 18 140 221 235 234 234 234 -9999 8 4 897
1 9 2 4 5 3 1 5 181 196 138 110 120 131 261 321 522 326 261 321 41 158 221 331 6947 181 102 4 2 21 27 27 5 96 0 0 1900 529 529 99 783 220 330 161 10 1388 55 415 1392 248 165 99 116 14 176 206 83 297 66 587 264 352 8773 651 12376 651 366 397 198 183 326 326 271 163 61 170 314 0 106 6 931 9 16 48 14 28 935 1627 112 112 112 7685 -9999 -9999 -9999
0 0 9 2 8 3 25 581 850 166 56 83 2289 88 193 424 636 359 228 1876 147 120 241 25 422 125 193 45 30 4 3 38 214 55 6 0 118 151 165 83 207 661 264 264 25 6 25 56 1060 25 186 4750 194 136 137 1140 3899 149 20268 220 705 407 127 136 181 249 4876 760 214 183 326 6645 183 305 299 193 271 326 382 35 16 14814 1039 58 19 126 126 126 112 112 126 1169 614 -9999 -9999
1 1 2 3 3 0 4 5 166 221 131 69 79 90 245 506 4707 261 138 114 82 45 38 50 192 482 304 15 5 19 40 881 192 149 118 0 124 168 10724 64 666 10979 793 925 149 264 93 165 99 99 81 10 17 142 178 1221 163 66 149 1181 434 127 380 461 706 14524 15423 296 4750 489 570 92 570 299 244 6297 353 244 288 450 0 66 173 2169 95 154 154 154 140 140 154 168 1169 99 -9999
1 2 2 3 4 223 70 97 196 124 97 83 110 166 7771 248 110 38 55 53 25 25 25 44 1629 321 542 361 131 53 57 38 121 120 6496 31 7 193 110 313 286 431 668 925 1462 207 264 297 99 107 107 14 127 163 244 5869 394 373 10 61 119 338 353 507 122 4387 190 4560 145 122 6839 9363 326 326 338 121 366 92 76 1086 2963 572 12 84 168 95 1373 168 168 168 154 140 126 234 -9999
9 1 3 2 4 5 31 1965 201 110 14 18 138 203 56 110 79 45 20 23 35 25 31 97 141 241 442 442 278 112 171 139 106 86 168 90 9 1528 55 176 176 15157 705 2511 173 661 93 8 93 1900 50 221 1140 15070 590 434 855 584 122 8 153 102 153 579 1058 1013 366 489 407 489 489 366 651 366 23 434 326 326 3203 244 299 25241 1187 151 95 154 154 168 95 95 1655 112 185 13324 29
3 5 2 30 4 12 34 21 40 30 10 131 147 181 50 23 5 55 45 53 45 35 10 7 8 124 361 513 240 235 174 226 168 216 109 67 61 11 151 165 529 198 430 485 529 925 661 173 155 96 142 122 163 224 899 855 950 312 143 217 95 127 153 733 14280 977 9445 570 326 299 271 299 9309 163 407 326 326 299 244 271 326 271 1145 2488 330 7 2144 140 63 56 87 47 329 468 263
1 2 2 1 2 11 45 40 4 3 20 40 65 248 45 53 4 14 738 1001 9 97 97 55 148 97 209 250 197 216 235 337 288 95 122 140 61 46 4186 207 382 529 132 430 207 165 289 4668 165 193 72 122 183 127 205 15741 639 197 45 458 41 46 1305 33 163 20 41 5 9309 6215 217 489 434 299 299 289 255 6625 244 299 326 271 1809 2036 2488 2488 81 552 50 56 32 28 32 56 3389
1 3 1 4 15 55 30 44 4 31 3 4 113 107 165 3 14 993 45 45 53 68 120 98 104 1691 171 171 278 5088 384 192 109 240 31 122 19 37 119 705 7931 529 529 33 595 661 165 248 4750 178 81 142 3485 14466 23033 624 41 2036 121 106 45 92 54 153 489 1501 326 92 163 42 20 244 434 326 9282 434 434 217 271 326 326 271 3148 193 2262 183 774 1555 16 56 56 56 56 56 32
2 2 5 11 60 21 26 20 3 4 4 5 17 169 90 8 6 35 1299 1310 83 12 97 70 86 104 106 2480 384 529 428 428 360 260 149 136 45 41 165 4750 940 661 529 529 297 248 7711 165 127 212 142 714 7880 13093 2863 305 145 140 204 44 102 1476 102 102 326 326 289 199 289 271 380 109 241 380 271 217 380 3148 244 299 326 271 193 217 299 326 254 1357 151 47 28 56 50 28 28
1 2 30 166 179 60 4 5 20 14 35 38 138 203 79 126 7 4 4 25 38 134 56 69 104 129 257 288 3103 12411 722 556 434 577 162 2220 154 0 199 214 548 783 470 13512 529 198 1842 165 81 380 3935 9900 7873 1758 244 229 356 1177 51 178 326 41 326 102 102 326 326 299 299 299 353 204 217 217 380 6188 326 217 244 299 326 299 271 168 183 326 4722 1527 402 31 11 28 813 56 56
3 7 16 49 235 70 30 3 35 45 55 98 90 2010 63 21 8 15 20 572 13 90 9 38 148 4918 240 131 187 641 397 432 834 379 224 220 309 0 15 207 184 19916 705 661 529 397 793 102 102 70 221 142 198 950 142 796 137 305 153 69 305 326 289 326 102 326 289 4174 265 326 434 96 2847 193 217 353 6351 241 271 265 326 4722 326 326 289 326 326 326 565 355 154 9 12 56 56
20 25 60 2812 635 193 53 45 98 68 83 79 131 169 88 68 20 11 35 15 3 40 48 4 12 17 32 43 61 11 322 402 678 8025 577 516 117 68 45 12 124 159 99 107 573 132 925 326 489 221 51 168 183 137 122 81 109 733 977 896 366 489 289 183 326 326 326 326 289 326 407 366 96 3420 198 265 362 507 241 136 163 289 326 289 326 326 299 587 271 90 151 1399 41 -9999 7
35 20 8 2161 1073 228 138 70 120 83 10 83 110 181 2374 50 14 11 3 21 8 53 67 106 53 32 75 4 38 64 663 1176 2351 1004 1715 884 482 220 7291 4614 0 103 107 6210 661 154 679 760 706 814 103 183 137 122 1756 61 362 651 136 977 733 366 489 570 326 579 163 489 326 326 326 326 489 92 206 326 489 9282 434 458 326 326 326 90 4198 289 30 34 326 1496 44 109 154 8 4
7 61 90 193 248 207 179 70 90 68 82 97 131 136 80 40 20 21 21 48 27 43 96 209 257 83 84 156 364 312 1286 1568 1822 2733 1507 1447 1795 68 6396 4469 82 11 207 367 330 110 868 373 1140 2656 896 80 122 407 92 299 93 434 14004 977 814 122 18 326 489 407 570 326 305 163 163 289 289 2361 204 326 244 489 326 407 4367 380 434 407 289 362 265 83 36 27 96 7 170 109 4
11 5 179 241 163 201 105 196 78 90 40 45 23 24 73 38 11 27 3 27 22 139 133 1764 312 149 174 384 168 72 201 871 17170 2221 2519 1876 925 2010 366 561 161 965 129 61 231 117 5153 15788 977 229 204 107 76 326 489 271 244 362 597 814 896 733 651 407 326 326 326 407 326 172 275 244 163 163 163 183 507 68 1476 326 271 217 271 489 651 407 4722 326 61 193 96 50 58 142 137
53 110 136 63 131 161 124 152 1965 152 128 17 124 23 62 237 9 41 27 57 43 73 144 260 309 342 348 6044 577 253 224 610 703 2090 2626 2144 754 871 1357 0 203 5245 339 17 0 61 6059 254 122 178 380 51 41 326 434 244 217 3148 434 489 760 305 733 570 326 326 326 326 362 434 4885 366 118 434 4342 407 289 271 132 326 299 271 265 326 434 326 326 326 36 34 4614 143 1147 50 1071
161 201 196 102 38 56 97 40 281 184 442 248 1474 56 51 428 114 90 20 24 94 209 133 74 300 432 650 12555 794 866 626 748 2412 2412 4220 31745 1519 1953 24801 33 3798 0 13 4614 1282 17 204 178 461 271 244 244 45 271 353 217 60 217 244 407 543 977 896 579 407 102 326 326 326 326 326 326 9282 434 271 98 199 221 366 132 326 4198 326 8251 294 289 183 2656 183 326 41 339 15 117 61
83 110 1965 102 7 65 3 61 228 482 440 359 133 105 158 5579 169 102 30 40 113 2839 192 96 133 174 178 641 722 722 866 7761 2090 2653 4220 2144 4947 16404 15791 2402 1400 1829 1164 18454 12303 24 127 407 271 217 241 217 122 217 271 326 60 217 244 271 543 760 977 733 570 102 326 4722 326 326 4750 353 353 353 326 93 326 458 61 59 314 326 326 570 4722 183 183 183 36 36 36 1968 509 92 85
53 113 59 13 4 35 55 10 196 294 343 271 290 193 28 138 1629 196 166 179 93 97 48 42 24 66 156 168 216 224 353 451 1822 2572 2777 15145 18617 20505 2190 646 212 724 814 1172 1172 482 20 127 244 217 217 217 217 142 45 1959 68 217 244 299 434 597 14167 896 706 489 380 380 380 380 407 407 407 380 326 326 4722 326 407 68 20 274 12213 482 326 183 183 183 183 41 590 302 339 302 19
5 79 860 28 25 31 35 69 110 131 161 179 147 90 97 97 110 201 163 2806 18 70 75 34 3 2 303 15 48 80 72 181 1393 1302 24453 31636 25778 4941 608 5072 6664 776 543 965 784 713 75 85 41 41 217 217 244 265 326 380 271 217 244 149 326 651 814 977 841 772 482 434 434 434 434 434 434 407 353 326 353 380 119 127 1680 2450 289 71 289 72 1647 72 81 -9999 -9999 -9999 35 78 16
50 201 136 110 31 53 68 53 68 114 161 161 114 31 35 65 79 98 110 110 51 9 34 15 24 2 13 8 3 28 253 112 1045 1393 27132 27682 13328 4443 1172 6737 4557 488 536 482 482 482 993 0 61 217 217 217 244 299 289 299 253 2847 271 299 326 489 651 896 1140 977 868 543 434 434 434 461 7816 547 481 380 407 6297 434 434 278 433 1357 792 603 603 126 371 299 244 282 452 2527 1704 452
409 113 1954 40 38 10 80 45 65 2349 161 69 10 27 1981 76 69 25 3 14 25 7 32 17 30 9 96 72 84 20 265 278 451 1829 5117 549 1025 724 724 586 586 670 536 536 482 482 362 0 326 244 271 244 244 299 289 102 489 326 289 183 326 289 158 221 1113 1303 868 3679 543 556 556 519 611 7905 468 505 434 434 434 760 163 434 814 353 2714 1659 2714 2714 102 49 251 151 59 36 377
88 70 93 9 25 3 3 25 20 97 68 2437 70 15 129 171 28 40 40 131 70 8 67 13 61 11 3 6 3 112 140 383 591 14111 722 1266 724 663 663 724 603 422 362 362 422 6994 823 0 113 244 271 244 271 41 326 326 489 102 102 326 326 326 353 706 868 1276 1466 1303 1153 1120 679 679 679 645 611 427 244 11194 338 772 3122 1303 760 326 326 289 4198 489 348 78 11 9 5 108 19
90 215 156 94 38 55 56 5 3 25 121 139 27 32 191 24 52 121 216 196 140 168 260 9 11 9 48 216 139 470 384 556 986 294 641 374 249 265 216 482 362 241 301 362 422 482 568 0 71 217 68 244 299 299 299 299 461 299 326 163 326 4722 380 386 760 977 1493 1730 1508 9939 10432 1644 712 679 19168 719 868 820 217 241 3938 9934 221 244 434 95 103 137 106 8 11 60 143 1608 -9999
271 14 20 43 6 66 8 11 8 112 176 68 4017 94 149 24 75 192 279 181 176 176 216 216 161 27 120 187 337 470 646 1154 1010 650 448 1821 2353 187 161 96 96 96 144 192 482 670 60 0 6 51 217 244 271 271 271 183 98 168 183 183 326 326 380 434 434 868 1086 14423 43828 27407 15783 14109 2317 950 746 7905 1013 763 941 1303 1221 531 3247 181 145 95 60 176 20 60 60 60 3176 2010 -9999
331 100 149 66 47 103 104 300 206 235 2814 384 482 428 384 216 235 3411 240 353 417 324 240 240 83 42 417 383 910 13789 17367 962 770 577 280 1625 2113 112 96 96 96 96 161 192 192 724 0 322 6 90 61 217 217 217 142 271 9201 326 61 102 326 3385 372 434 760 1398 3012 16817 12778 37065 43043 5530 763 1103 663 829 1306 1086 443 647 529 12593 977 547 145 145 166 182 235 235 235 158 597 113 -9999
442 109 109 131 214 162 191 300 235 529 577 8370 650 513 432 8322 240 165 4197 397 417 353 288 301 84 120 360 441 8190 24651 17367 1021 482 360 288 205 131 96 96 96 96 96 120 144 168 121 18 55 67 38 30 326 217 217 54 217 244 271 299 407 651 760 7696 627 627 16791 1282 17802 52019 48424 48424 23315 1323 25801 1900 2137 1315 588 398 398 651 603 145 336 348 366 470 326 470 348 4415 434 2714 2412 -9999
452 261 96 156 171 240 209 300 342 8370 529 432 409 342 495 61 90 81 150 360 2814 360 482 577 641 573 866 1226 11340 17975 6521 230 288 288 321 240 144 106 96 96 96 96 96 96 144 52 43 81 95 192 109 216 271 217 137 153 244 380 543 651 733 20675 1110 1303 1156 1954 1798 1113 9939 32507 31087 25422 814 1888 796 9095 772 398 294 235 190 176 24 285 155 796 706 10173 724 579 489 407 6704 1659 603
452 248 171 149 171 337 4065 384 432 577 337 216 149 129 267 535 1828 27 -9999 14 48 80 -9999 334 1114 120 360 908 8343 596 626 321 321 321 321 192 106 96 96 96 96 96 96 96 144 27 14 109 109 109 192 11 202 271 15 407 102 102 814 941 24730 1061 1303 772 686 868 434 868 1086 2870 2630 27978 12593 868 814 675 510 81 66 166 95 36 3 24 314 490 498 814 977 724 651 4967 235 1960 127
361 361 342 7269 337 384 312 470 513 432 214 2742 48 72 0 86 129 1247 1202 2790 64 1346 120 37 109 75 162 161 881 1416 577 288 288 288 321 214 106 96 96 96 96 96 96 96 81 55 27 109 109 192 192 92 0 6 25 651 603 16759 1303 1230 647 627 588 627 555 529 531 1194 1221 868 675 549 232 285 216 326 216 217 8106 41 48 27 30 36 199 232 410 470 796 12521 470 294 265 1022 106
361 407 482 384 457 432 449 577 432 288 192 168 168 2718 8 23 168 168 216 24 72 37 48 178 30 240 686 668 1684 1283 641 482 321 293 240 216 144 96 96 96 106 96 106 96 144 192 48 192 95 81 144 81 81 6 326 1058 1303 764 448 431 675 531 265 412 9282 760 977 1221 814 145 71 113 235 158 204 235 116 41 47 20 42 2 83 9 133 157 196 127 10114 706 529 326 299 1055 28
474 542 8178 312 432 360 364 384 257 192 1396 144 168 192 75 30 337 337 192 96 2742 729 526 188 80 265 2406 668 6014 18472 802 641 482 401 321 348 240 106 106 106 106 2742 120 161 1691 104 53 12 20 96 55 55 784 24 285 22961 317 145 127 507 163 294 285 326 289 627 4961 7916 398 20 41 16 71 90 299 41 28 11 36 3 10 6 25 27 61 109 241 434 181 896 12593 579 1113 151 -9999
