data/prd_sim_ascii_n_44384655.txt
NCOLS 203
NROWS 164
XLLCORNER 112.789
YLLCORNER 22.15
CELLSIZE 0.008333333
NODATA_VALUE -9999
[rows 84 to 125 of 164, columns 95 to 189 of 203]
82 -9999 -9999 -9999 367 367 4347 6085 10887 3982 35834 17170 2074 1321 1252 20099 1634 2608 695 9736 309 565 251 251 1391 37598 2304 575 850 566 131 216 155 402 402 521 661 188 163 210 210 177 13535 1081 586 765 1148 15764 44 46 8 14 108 12 10 91 39 255 243 278 139 130 974 556 340 556 556 495 502 989 1043 1148 18152 835 525 191 110 209 97 7 5 4 3 4 3 9 83 83 221 272 126 11 8 25 88
22 -9999 -9999 -9999 110 284 2028 2028 35685 6399 5599 11405 1982 854 556 904 1321 2678 1159 1236 661 226 188 12219 739 1545 2173 1314 1391 954 487 680 340 340 521 961 801 440 383 315 716 618 946 961 1081 1216 574 25 18 70 3 8 12 39 108 255 301 301 76 402 603 216 14218 116 156 502 464 487 487 556 711 835 742 469 97 23 10 6 13 3 34 50 5 8 17 11 91 22 44 332 176 60 6 50 30
84 -9999 -9999 -9999 4181 70 209 402 108 218 93 1236 2225 989 603 804 8067 678 2411 290 657 510 469 1739 1700 2434 44753 1700 1913 1855 1495 16204 661 1281 961 18421 180 781 18341 561 385 496 1041 15813 330 578 145 52 46 7 8 9 7 22 8276 649 626 556 15752 939 800 742 680 703 402 703 527 452 402 116 319 240 76 60 11 191 29 20 10 12 17 25 28 23 9 10 55 43 48 332 277 76 8 50 40
16 -9999 -9999 -9999 -9999 -9999 9 78 130 4013 243 62 40059 1391 865 176 556 16065 1252 1669 2225 695 1198 1869 7042 1739 1565 1739 1739 1913 1554 598 447 10992 1442 1622 1802 1442 1442 1281 491 631 1106 20904 1352 961 385 618 23 9 12 17 17 209 527 417 417 417 452 452 487 495 974 402 402 495 765 626 4395 261 7331 33 14 10 12 17 77 76 70 99 1140 28 17 23 25 78 263 197 491 811 1201 496 40 91 50
390 44 -9999 -9999 -9999 -9999 -9999 -9999 20 81 35 183 1360 11753 989 487 417 333 869 974 974 304 326 209 504 800 748 921 1194 1870 2095 1600 630 3877 1802 2162 31716 2523 293 1982 1139 1622 1892 1171 961 961 405 270 186 6 12 38 117 261 391 626 371 417 417 417 487 556 695 974 495 495 495 680 477 26 9 10 7 11 13 84 24 10 41 120 68 40 51 84 315 350 676 766 1367 1442 13936 578 181 194 166
701 482 -9999 -9999 -9999 -9999 -9999 -9999 -9999 -9999 81 209 35608 1205 11653 487 11788 417 626 130 130 130 85 143 156 104 556 380 3624 1036 2478 2202 1627 3008 2162 1442 1802 2883 2243 2162 1892 23517 1081 661 961 601 186 220 317 21 24 12 80 94 2708 301 371 417 417 417 452 464 556 695 15996 340 402 495 319 100 14 11 77 238 263 126 270 117 98 210 120 77 291 177 523 1442 1442 1802 1622 878 541 338 91 70 111
256 1403 701 58 -9999 -9999 -9999 -9999 -9999 -9999 163 391 417 1113 1043 452 391 391 835 417 417 26 26 661 137 163 135 135 619 1194 1802 34840 2703 1352 1442 1281 1281 1101 3244 1622 1261 961 961 13936 683 214 6204 186 186 144 86 12 32 38 365 301 209 371 371 417 417 487 15857 835 835 495 340 124 124 110 36 38 34 488 150 160 150 118 7 38 11 16 106 18421 911 1041 2162 1757 338 946 601 120 270 150 181
678 47 10045 112 2 -9999 -9999 -9999 -9999 30 3803 1356 2052 209 12101 730 -9999 -9999 11 652 30 28 85 556 117 81 135 52869 969 1126 1802 2703 1903 598 1261 18261 881 1201 2563 1712 13896 841 841 586 721 440 108 51 118 358 12 11 22 255 618 276 255 176 326 417 417 450 626 661 974 1113 556 680 487 742 108 13 24 255 125 45 158 118 263 200 175 113 200 1293 2089 1432 23922 220 946 541 270 270 390 721 1081
82 182 3444 9 2 -9999 -9999 -9999 -9999 -9999 78 4955 151 510 191 41 -9999 -9999 -9999 -9999 -9999 11 26 72 1648 676 135 969 901 901 26130 2703 1903 2468 721 721 601 826 2563 1442 15407 481 6968 721 13696 329 33 23 11 16 13 26 142 456 7248 748 385 338 413 433 15891 591 452 638 247 626 595 1360 680 11653 145 137 22 25 162 90 293 385 456 20814 1362 451 451 1522 823 1219 425 325 150 38 47 338 578 961 1201
140 26 18 49 -9999 -9999 -9999 -9999 -9999 -9999 10 43 -9999 -9999 -9999 -9999 -9999 -9999 -9999 -9999 -9999 -9999 30 109 73 127 135 811 801 1352 1802 2703 1870 619 378 491 618 1281 1131 1362 1171 601 481 586 73 62 19 18 13 42 160 113 641 440 651 661 521 641 360 771 974 1113 433 904 464 464 377 377 541 433 595 340 155 27 33 22 210 541 661 1041 2027 1652 2578 2900 2900 1872 100 241 98 23 49 38 355 743 1171
-9999 -9999 -9999 -9999 -9999 -9999 -9999 -9999 -9999 -9999 -9999 -9999 -9999 -9999 -9999 -9999 -9999 -9999 -9999 -9999 -9999 -9999 484 451 101 118 10452 214 743 1577 26580 3404 710 661 120 150 230 400 2883 1602 991 811 841 961 456 330 16 42 76 911 420 716 881 521 9611 721 1041 1281 881 881 881 850 1484 1669 24063 541 904 209 12927 1912 985 417 325 185 32 452 400 400 1602 969 1855 2703 8266 24363 16967 1644 881 250 263 315 238 473 101 451 608
-9999 -9999 -9999 -9999 -9999 -9999 -9999 -9999 -9999 -9999 -9999 -9999 -9999 -9999 -9999 -9999 -9999 -9999 -9999 -9999 -9999 -9999 7 31 101 118 203 169 691 26130 2253 3942 653 169 488 105 473 1281 46587 1712 1171 541 541 841 9361 225 270 46 53 59 456 423 586 631 781 1442 1321 1602 1602 1432 1922 1081 805 232 556 309 1113 247 356 1431 1318 185 14620 1005 348 568 1892 1562 1081 1659 1627 1689 1611 16403 12544 604 1622 1041 523 631 683 1161 1442 826 661
-9999 -9999 -9999 -9999 -9999 -9999 -9999 -9999 -9999 -9999 -9999 -9999 -9999 -9999 -9999 -9999 -9999 -9999 -9999 -9999 -9999 -9999 -9999 34 2864 267 422 135 1148 1802 1977 4685 2468 991 856 496 683 13936 2253 16714 961 1171 856 721 280 69 65 405 90 150 330 330 385 801 1121 881 27391 1432 1301 1922 27551 1442 721 350 661 433 765 1005 935 730 2358 2857 313 1130 893 151 1482 561 1041 1301 2162 676 551 483 1762 2027 1802 1487 1201 716 421 527 736 1321 586
-9999 -9999 -9999 -9999 -9999 -9999 -9999 -9999 -9999 -9999 -9999 -9999 -9999 -9999 -9999 -9999 -9999 -9999 -9999 -9999 -9999 -9999 -9999 62 31 101 186 1742 551 2956 598 1442 18581 683 338 150 541 781 1321 601 293 195 20 105 423 315 413 130 23 150 270 39 140 521 651 18581 881 1041 1281 826 1261 606 618 293 661 1041 698 730 939 2358 1913 704 1113 174 251 1041 826 561 244 31356 1892 451 285 350 1041 456 991 23652 1204 881 721 901 27872 1261 721
-9999 -9999 -9999 -9999 -9999 -9999 -9999 -9999 -9999 -9999 -9999 -9999 -9999 -9999 -9999 -9999 -9999 -9999 -9999 -9999 -9999 -9999 -9999 28 84 3793 195 1194 2089 338 300 1442 1121 105 330 186 210 131 60 113 1081 110 97 23 49 356 360 315 330 481 220 521 127 135 146 171 350 440 413 160 9498 110 553 901 195 1722 1702 563 541 541 41402 1150 510 193 116 456 225 1171 2162 1892 456 240 676 270 270 473 541 1321 1562 1892 1667 2027 1757 456 390
26 -9999 -9999 -9999 -9999 -9999 -9999 -9999 -9999 -9999 -9999 -9999 -9999 -9999 -9999 -9999 -9999 -9999 -9999 -9999 -9999 -9999 -9999 17 31 150 135 327 2776 330 3987 1281 488 165 90 83 225 293 0 244 1624 666 400 420 160 496 456 358 270 358 456 338 360 7549 781 124 551 641 385 150 210 330 651 183 1281 10305 1281 1301 338 638 2367 495 402 122 90 491 721 31356 1982 976 518 270 390 481 481 481 841 881 634 1321 1757 2042 826 781 481
78 19 -9999 -9999 -9999 -9999 -9999 -9999 -9999 -9999 -9999 -9999 -9999 -9999 -9999 -9999 -9999 -9999 -9999 -9999 -9999 -9999 -9999 53 34 101 352 127 100 676 220 203 561 90 15 193 113 140 300 0 1231 2343 270 771 608 518 405 488 390 85 120 280 521 440 180 150 2782 521 413 315 163 210 210 224 1281 1171 2370 1085 504 827 717 556 216 216 360 881 1762 1321 473 631 175 330 150 481 481 390 270 150 280 451 1126 38519 1622 961 946
58 146 36 -9999 -9999 -9999 -9999 -9999 -9999 -9999 -9999 -9999 -9999 -9999 -9999 -9999 -9999 -9999 -9999 -9999 -9999 -9999 -9999 -9999 19 1470 169 93 135 360 300 541 105 90 210 47 70 220 275 781 1156 3018 366 210 385 120 120 578 413 423 488 163 360 551 1121 961 551 641 521 160 263 293 120 423 748 145 601 1234 19230 182 402 402 124 360 730 596 894 2042 881 190 31 330 28 210 330 390 120 275 451 631 10542 921 1266 1001 553
56 468 78 -9999 -9999 -9999 -9999 -9999 -9999 -9999 -9999 -9999 -9999 -9999 -9999 -9999 -9999 -9999 -9999 -9999 -9999 -9999 -9999 -9999 -9999 101 7839 188 240 360 400 23 14 23 11128 270 358 360 400 781 1562 1442 911 683 16 11 68 90 473 586 120 440 1440 210 641 14837 661 641 641 280 263 384 49 44 423 2160 120 961 781 291 386 134 92 237 425 969 999 1036 320 245 152 84 150 210 210 481 496 358 325 240 293 200 1281 456 213
7 32 6779 5 -9999 -9999 -9999 -9999 -9999 -9999 -9999 -9999 -9999 -9999 -9999 -9999 -9999 -9999 -9999 -9999 -9999 -9999 -9999 -9999 -9999 2 34 2590 165 293 300 39 8 383 180 193 325 293 275 961 190 1562 180 90 11 30 11 11 90 338 781 911 961 98 98 1121 781 122 98 641 188 72 175 175 385 1081 521 911 961 766 626 586 333 350 701 1514 1652 631 403 428 315 26 170 200 5992 561 193 193 2568 90 5 456 180 320 6202
32 50 130 19 -9999 -9999 -9999 -9999 -9999 -9999 -9999 -9999 -9999 -9999 -9999 -9999 -9999 -9999 -9999 -9999 -9999 -9999 -9999 -9999 -9999 -9999 38 186 270 601 138 400 180 7681 586 358 275 293 6332 716 1562 826 240 14 17 4 11 15 4 23 358 921 961 120 2831 172 651 171 165 135 976 586 45 200 661 651 440 641 1440 1261 781 1281 1101 1802 2202 2703 14831 425 661 263 90 150 25 3 17 11 17 6 1 38 10 110 28 28 275
90 50 339 117 -9999 -9999 -9999 -9999 -9999 -9999 -9999 -9999 -9999 -9999 -9999 -9999 -9999 -9999 -9999 -9999 -9999 -9999 -9999 -9999 -9999 -9999 -9999 30 84 227 360 131 240 646 748 358 263 248 325 385 878 1757 203 158 8 11 11 17 11 34 270 456 1121 270 145 210 240 270 268 293 1156 856 881 300 451 771 521 521 451 721 1281 766 1301 3154 4375 1329 812 826 423 120 90 150 17 14 15 75 11 11 100 123 21 19 100 138 25
64 16 146 -9999 -9999 -9999 -9999 -9999 -9999 -9999 -9999 -9999 -9999 -9999 -9999 -9999 -9999 -9999 -9999 -9999 -9999 -9999 -9999 -9999 -9999 -9999 -9999 2 3843 253 372 1952 1177 240 781 63 57 1763 186 661 541 841 791 60 146 68 1405 68 84 15 330 651 4616 113 171 240 206 248 293 901 1321 1081 1101 721 375 846 14772 444 1442 1334 1149 1562 27872 1762 1602 1321 513 159 405 68 4 90 51 8 481 90 75 150 33 33 642 150 72 293 83
11 -9999 -9999 -9999 -9999 -9999 -9999 -9999 -9999 -9999 -9999 -9999 -9999 -9999 -9999 -9999 -9999 -9999 -9999 -9999 -9999 -9999 -9999 -9999 -9999 -9999 -9999 -9999 25 194 253 89 577 1041 310 115 2 24 44 120 771 363 1216 143 45 111 516 136 98 118 62 578 169 175 2776 225 220 12885 183 976 135 991 696 40905 422 507 619 1383 1464 1819 1439 1101 1362 491 280 561 30950 676 135 7 113 90 11 30 90 39 24 32 46 46 158 10 19 51 19
-9999 -9999 -9999 -9999 -9999 -9999 -9999 -9999 -9999 -9999 -9999 -9999 -9999 -9999 -9999 -9999 -9999 -9999 -9999 -9999 -9999 -9999 -9999 -9999 -9999 -9999 -9999 -9999 -9999 237 70 51 1081 416 230 473 0 0 102 200 1200 665 981 1452 285 263 521 14837 99 103 62 586 481 175 325 193 300 661 93 338 491 320 1094 1267 876 501 626 1239 23952 1872 400 491 368 63 84 101 300 991 248 25 23 14 28 6 19 19 11 963 21 10 19 8 11 90 30
19 -9999 -9999 -9999 -9999 -9999 -9999 -9999 -9999 -9999 -9999 -9999 -9999 -9999 -9999 -9999 -9999 -9999 -9999 -9999 -9999 -9999 -9999 -9999 -9999 -9999 -9999 -9999 -9999 35 1002 84 270 845 649 285 451 0 451 230 460 813 876 117 75 90 771 551 35 40 225 578 456 488 651 661 521 268 198 74 32 302 1615 4602 13459 4845 29940 2318 1755 3154 270 240 72 210 23 39 6097 225 51 51 38 20 16 16 90 11 11 23 23 17 15 14 100 631 175
15 -9999 -9999 -9999 -9999 -9999 -9999 -9999 -9999 -9999 -9999 -9999 -9999 -9999 -9999 -9999 -9999 -9999 -9999 -9999 -9999 -9999 -9999 -9999 -9999 -9999 -9999 -9999 -9999 -9999 30 152 240 1377 2590 338 1014 757 282 203 225 1301 3204 25 28 65 325 83 521 451 771 521 27 81 521 911 360 496 150 44 47 74 173 28179 64395 3758 1408 1824 186 985 0 3124 315 150 39 17 30 34 49 946 98 280 300 18 12 11 263 225 90 220 68 113 123 5 -9999
-9999 -9999 -9999 -9999 -9999 -9999 -9999 -9999 -9999 -9999 -9999 -9999 -9999 -9999 -9999 -9999 -9999 -9999 -9999 -9999 -9999 -9999 -9999 -9999 -9999 -9999 -9999 -9999 -9999 -9999 53 4255 1201 67 1117 48261 1627 313 1001 563 178 788 1183 488 200 957 944 911 979 911 521 360 160 20 496 716 636 531 49 82 238 63 95 3975 9000 3758 626 357 140 479 275 300 633 10249 28 90 30 11 65 1362 1562 360 90 60 35 30 2568 135 38 -9999 -9999 3 -9999 -9999 -9999
-9999 -9999 -9999 -9999 -9999 -9999 -9999 -9999 -9999 -9999 -9999 -9999 -9999 -9999 -9999 -9999 -9999 -9999 -9999 -9999 -9999 -9999 -9999 -9999 -9999 -9999 -9999 -9999 -9999 -9999 -9999 57 438 3281 1108 14480 19151 3724 621 582 688 1204 119 626 36291 1480 1702 813 911 826 15 15 26 25 36 37 310 188 54 57 61 61 151 1239 2684 563 964 726 82 0 926 39 25 113 98 4 30 4 14 491 18886 576 1041 721 193 84 106 -9999 -9999 -9999 -9999 -9999 -9999 -9999 -9999
-9999 -9999 -9999 -9999 -9999 -9999 -9999 -9999 -9999 -9999 -9999 -9999 -9999 -9999 -9999 -9999 -9999 -9999 -9999 -9999 -9999 -9999 -9999 -9999 -9999 -9999 -9999 -9999 -9999 -9999 -9999 7 105 619 2334 48477 59250 3724 34233 28787 2161 1126 876 563 2534 501 363 225 160 11 26 26 37 40 13 42 300 206 275 216 375 87 594 2278 70693 2707 4051 21131 0 0 145 0 5 5 5 33 30 4 33 24 225 195 -9999 -9999 -9999 -9999 -9999 -9999 -9999 -9999 -9999 -9999 -9999 -9999 -9999
80 -9999 -9999 -9999 -9999 -9999 -9999 -9999 -9999 -9999 -9999 -9999 -9999 -9999 -9999 -9999 -9999 -9999 -9999 -9999 -9999 -9999 -9999 -9999 -9999 -9999 -9999 -9999 -9999 -9999 -9999 -9999 9 127 898 30343 34313 5686 30057 24061 2438 2253 1251 2534 3254 2253 845 188 178 225 37 37 42 206 757 2713 2265 2652 1620 375 547 547 2228 35552 8949 81141 27025 28461 6148 134 3754 1633 60 31 28 10 7 4 35 350 244 -9999 -9999 -9999 -9999 -9999 -9999 -9999 -9999 -9999 -9999 -9999 -9999 -9999 -9999
424 -9999 -9999 -9999 -9999 -9999 -9999 -9999 -9999 -9999 -9999 -9999 -9999 -9999 -9999 -9999 -9999 -9999 -9999 -9999 -9999 -9999 -9999 -9999 -9999 -9999 -9999 -9999 -9999 -9999 -9999 -9999 -9999 5 70 1260 1892 3328 5686 3990 1830 3660 2644 1721 2002 32662 688 813 688 438 63 250 407 400 1342 12983 12072 5104 22628 2357 1117 10214 69926 74247 105802 89097 5451 68016 2701 476 2253 1134 320 13 9 30 28 240 350 260 -9999 -9999 -9999 -9999 -9999 -9999 -9999 -9999 -9999 -9999 -9999 -9999 -9999 -9999 -9999
-9999 -9999 -9999 -9999 -9999 -9999 -9999 -9999 -9999 -9999 -9999 -9999 -9999 -9999 -9999 -9999 -9999 -9999 -9999 -9999 -9999 -9999 -9999 -9999 -9999 -9999 -9999 -9999 -9999 -9999 -9999 -9999 -9999 -9999 -9999 -9999 6 867 3582 3003 9843 7997 16979 23592 3383 2002 1377 1502 469 391 313 723 1179 1001 1001 1756 1620 737 6990 4640 66292 68944 38140 87008 101046 78273 43753 47730 13037 10607 1314 353 58 152 30 26 89 3731 -9999 -9999 -9999 -9999 -9999 -9999 -9999 -9999 -9999 -9999 -9999 -9999 -9999 -9999 -9999 -9999 -9999
-9999 -9999 -9999 -9999 -9999 -9999 -9999 -9999 -9999 -9999 -9999 -9999 -9999 -9999 -9999 -9999 -9999 -9999 -9999 -9999 -9999 -9999 -9999 -9999 -9999 -9999 -9999 -9999 -9999 -9999 35 -9999 -9999 -9999 -9999 -9999 -9999 -9999 777 7890 73084 48999 25469 43555 7013 2647 2816 2503 2253 1070 1014 2713 2652 1689 3437 27381 23070 5082 4321 5966 43090 77064 70004 98145 83012 125955 62757 49852 7145 4962 194 114 95 6 7 27 31 3518 -9999 -9999 63 1 -9999 -9999 -9999 131 33 -9999 -9999 -9999 -9999 -9999 -9999 -9999 -9999
-9999 -9999 -9999 -9999 -9999 -9999 -9999 -9999 -9999 -9999 -9999 -9999 -9999 -9999 -9999 -9999 -9999 -9999 -9999 -9999 -9999 -9999 -9999 -9999 -9999 -9999 -9999 -9999 -9999 -9999 -9999 -9999 -9999 -9999 -9999 -9999 -9999 -9999 125 4983 85680 24238 1721 5906 2421 2647 28551 2703 2703 2303 1952 18832 43655 5402 4199 5402 7734 7734 55685 36829 49388 26301 -9999 63806 74247 72656 10801 1099 15422 4615 1212 188 20 21 118 27 0 -9999 -9999 0 5 0 0 -9999 -9999 0 0 14 -9999 -9999 -9999 -9999 -9999 -9999 -9999
-9999 -9999 -9999 -9999 -9999 -9999 -9999 -9999 -9999 -9999 -9999 -9999 -9999 -9999 -9999 -9999 -9999 -9999 -9999 -9999 -9999 -9999 -9999 -9999 -9999 -9999 -9999 -9999 -9999 -9999 -9999 -9999 -9999 -9999 -9999 -9999 -9999 -9999 -9999 1384 134541 39864 125 -9999 451 113 -9999 -9999 188 676 1539 6187 3388 33514 60856 18960 57276 43421 6138 5524 276 1205 17020 921 20709 4008 1195 603 3716 5286 4470 219 89 330 356 989 -9999 5 9 10 6 43 0 -9999 3 -9999 -9999 -9999 0 -9999 -9999 -9999 -9999 -9999 -9999
-9999 -9999 -9999 -9999 -9999 -9999 -9999 -9999 -9999 -9999 -9999 -9999 -9999 -9999 -9999 -9999 -9999 -9999 -9999 -9999 -9999 -9999 -9999 -9999 -9999 -9999 -9999 -9999 -9999 -9999 -9999 18 -9999 -9999 -9999 -9999 -9999 -9999 -9999 21427 90825 6367 -9999 -9999 -9999 -9999 -9999 -9999 -9999 -9999 -9999 -9999 626 37 5966 23669 47730 16159 2762 464 265 585 5938 808 413 2254 653 399 261 3511 10177 2041 49 349 72 16 149 65 18 8 4 2 2 0 0 -9999 -9999 -9999 0 -9999 -9999 -9999 -9999 -9999 -9999
-9999 -9999 -9999 -9999 -9999 -9999 -9999 -9999 -9999 -9999 -9999 -9999 -9999 -9999 -9999 -9999 -9999 -9999 -9999 -9999 -9999 -9999 -9999 -9999 -9999 -9999 -9999 -9999 -9999 -9999 -9999 47 20 -9999 -9999 -9999 -9999 -9999 1267 25992 10658 2196 -9999 -9999 -9999 -9999 -9999 -9999 -9999 -9999 -9999 -9999 -9999 -9999 125 1841 8593 552 719 1742 784 407 9560 7101 5917 16617 10650 308 1572 9203 11376 3928 282 43 5 12 333 13 45 28 10 6 1 0 0 -9999 0 22 1 -9999 -9999 -9999 -9999 -9999 -9999
-9999 -9999 -9999 -9999 -9999 -9999 -9999 -9999 -9999 -9999 -9999 -9999 -9999 -9999 -9999 -9999 -9999 -9999 -9999 -9999 -9999 -9999 -9999 -9999 -9999 -9999 -9999 -9999 -9999 -9999 -9999 -9999 -9999 -9999 -9999 -9999 -9999 313 488 125 9336 6790 -9999 -9999 -9999 -9999 -9999 -9999 -9999 -9999 -9999 -9999 -9999 -9999 -9999 -9999 55 248 964 5724 11732 891 970 13388 3990 37966 40628 8205 10477 20827 4329 106 109 24 7 74 77 88 18 487 17 15 131 3 2 1 0 -9999 0 0 1 -9999 -9999 -9999 -9999
115 -9999 -9999 -9999 -9999 -9999 -9999 -9999 -9999 -9999 -9999 -9999 -9999 -9999 -9999 -9999 -9999 -9999 -9999 -9999 -9999 -9999 -9999 -9999 -9999 -9999 -9999 -9999 -9999 -9999 -9999 -9999 -9999 -9999 -9999 293 112 31761 375 1132 68037 146668 7638 -9999 -9999 -9999 -9999 -9999 -9999 -9999 -9999 -9999 -9999 -9999 -9999 481 991 1857 498 9392 17948 2449 99 8698 1477 2262 35895 34653 19880 2304 36 31 148 5 3 6 42 40 106 188 26 26 32 36 5 3 32 2 0 -9999 -9999 -9999 -9999 -9999 -9999
32 -9999 -9999 -9999 -9999 -9999 -9999 -9999 -9999 -9999 -9999 -9999 -9999 -9999 -9999 -9999 -9999 -9999 -9999 -9999 -9999 -9999 -9999 -9999 -9999 -9999 -9999 -9999 -9999 -9999 -9999 -9999 -9999 -9999 -9999 448 19 626 100 1509 22915 45830 8911 -9999 -9999 -9999 -9999 -9999 -9999 -9999 414 1864 55 -9999 279 2227 8272 7198 1941 6871 5560 417 23 3201 601 413 381 4373 25383 166 125 29 29 61 12 4 2 36 34 47 -9999 4 0 -9999 4 1 10 0 -9999 -9999 -9999 -9999 -9999 -9999 -9999
-9999 -9999 -9999 -9999 -9999 -9999 -9999 -9999 -9999 -9999 -9999 -9999 -9999 -9999 -9999 -9999 -9999 -9999 -9999 -9999 -9999 -9999 -9999 -9999 -9999 -9999 -9999 -9999 -9999 -9999 -9999 -9999 -9999 -9999 -9999 15 83 6607 891 13070 -9999 -9999 -9999 -9999 -9999 -9999 -9999 -9999 -9999 -9999 4827 3129 -9999 -9999 224 8166 17972 27922 19880 11299 69 276 18 8672 13905 387 66 59 245 523 165 103 207 155 7 6 9 142 3850 10 -9999 -9999 -9999 -9999 -9999 5 0 -9999 -9999 0 -9999 -9999 -9999 -9999 20
