data/westAfricaAscii_agg10.asc
NCOLS 596 
NROWS 504 
XLLCORNER -17.025 
YLLCORNER 4.50833333333334 
CELLSIZE 0.0166666666666667 
NODATA_value -9999 
[rows 234 to 272 of 504, columns 261 to 347 of 596]
96 121 231 1097 175 1537 337 846 180 206 50 61 120 66 70 61 71 111 79 136 190 136 121 133 613 203 162 145 101 47 60 219 173 259 121 178 124 53 54 71 51 81 84 84 58 191 99 104 185 237 124 128 618 236 221 112 37 43 120 122 125 104 297 123 87 64 82 633 123 199 258 96 44 63 23 72 54 39 66 54 56 52 86 70 78 100 63
192 234 2071 349 241 279 333 159 156 103 169 38 123 85 51 119 76 84 236 132 84 141 179 121 158 215 232 310 83 121 18 36 77 51 78 44 119 50 127 41 223 59 85 102 174 69 50 318 73 126 96 135 274 184 144 54 99 257 191 46 44 163 577 63 46 79 208 142 115 612 103 47 38 49 35 61 33 23 48 42 77 48 30 73 41 41 30
1295 1203 256 315 1481 248 138 170 831 156 83 37 128 195 79 69 78 74 192 187 141 160 157 136 83 143 199 193 87 70 38 58 55 60 39 300 43 53 161 49 157 82 95 175 95 263 121 64 111 153 146 174 309 94 93 48 43 54 71 78 58 154 129 199 179 143 173 159 221 255 151 72 51 67 42 26 37 40 40 117 30 108 29 67 42 14 64
310 268 212 224 408 176 144 164 1136 168 91 323 62 114 637 153 57 57 165 82 99 136 155 175 72 87 87 78 78 86 60 36 115 27 344 221 61 32 101 49 60 229 64 180 58 60 409 105 315 181 523 646 217 85 587 67 92 155 97 177 92 621 165 242 81 61 126 190 210 158 103 51 80 35 24 36 30 23 21 24 26 37 16 30 90 58 22
227 625 206 856 252 400 131 499 191 263 190 57 119 764 196 106 43 35 67 84 305 162 240 77 45 78 67 52 85 52 45 193 92 55 576 45 71 267 83 216 213 53 53 54 76 221 117 145 520 565 187 338 200 385 94 118 91 115 65 107 39 207 210 72 116 80 78 89 45 28 53 38 15 24 26 67 24 25 26 72 17 14 13 40 41 112 34
246 246 215 204 103 150 96 262 375 148 137 268 97 124 121 138 954 103 327 72 85 102 114 256 217 50 69 85 236 80 79 81 90 100 349 241 76 109 464 49 62 135 301 105 154 71 184 138 300 190 135 629 166 142 110 105 129 311 51 118 59 173 140 279 102 64 102 227 62 44 51 73 24 40 46 22 24 34 22 26 27 16 15 37 50 29 391
150 169 154 186 93 258 412 108 86 153 134 493 102 87 184 203 175 154 426 55 99 429 97 148 146 101 96 80 75 283 90 93 75 70 171 155 629 10402 4157 97 70 545 137 93 53 154 103 110 105 363 105 267 89 160 209 69 149 112 60 52 79 119 109 90 110 70 69 72 66 139 107 32 28 45 27 24 24 24 26 27 21 13 12 520 186 167 69
205 202 360 319 193 62 249 115 107 140 149 65 245 284 109 153 126 390 172 45 83 362 777 86 107 90 85 79 513 85 93 111 62 137 930 78 46 44096 27883 93 408 133 129 453 93 137 131 149 147 136 157 648 100 162 516 99 70 124 28 86 31 507 113 93 58 52 76 58 40 77 207 94 30 30 75 26 26 29 139 28 18 20 133 180 140 474 6
534 301 182 359 244 142 533 206 131 140 329 773 118 123 78 205 125 194 1661 118 98 119 90 114 366 103 117 119 74 72 93 100 125 739 124 106 63 1400 1136 100 133 126 101 102 52 428 70 341 140 155 174 366 123 433 105 57 109 66 28 87 54 47 93 384 79 48 49 239 64 44 41 86 144 41 56 23 22 99 22 26 23 100 297 134 130 80 19
156 136 182 159 467 237 535 50 199 173 173 123 326 147 142 77 94 590 171 177 105 44 56 51 71 69 108 85 44 60 86 119 87 69 110 143 124 293 82 484 80 83 51 90 57 81 24 37 89 599 258 153 108 55 91 297 367 35 55 155 86 300 153 195 148 59 159 70 72 77 77 117 151 70 63 37 33 22 16 26 34 124 141 410 121 80 59
455 57 80 145 227 162 101 265 414 257 326 82 464 212 93 111 1068 440 152 114 83 38 33 121 68 89 75 146 240 150 128 112 36 60 64 300 207 73 154 64 47 24 42 60 124 558 181 65 90 193 189 145 70 38 112 115 52 38 107 118 92 162 197 89 70 90 68 44 40 89 134 200 128 104 36 21 25 29 22 37 168 138 384 179 815 137 102
163 118 140 244 273 891 83 128 100 153 310 673 221 199 121 548 178 125 107 75 68 197 57 66 299 121 103 600 132 533 82 46 40 56 46 129 62 210 452 38 33 64 74 75 62 133 89 56 272 547 376 111 88 87 174 525 57 115 307 134 131 185 255 85 81 110 373 53 34 61 346 183 84 102 116 39 36 106 36 33 158 162 407 101 117 472 130
205 352 906 210 220 125 37 72 316 412 532 186 430 227 925 133 76 169 793 335 124 122 257 119 270 71 110 68 39 53 46 127 73 39 37 35 75 109 94 350 134 79 441 122 78 138 168 58 302 121 73 134 774 636 161 63 63 60 66 367 135 203 187 99 97 150 109 85 113 154 593 94 90 79 42 53 72 30 25 119 115 101 169 140 322 107 91
159 121 104 169 173 113 53 66 95 102 2400 254 286 739 184 902 183 176 89 57 401 100 119 49 56 62 114 195 45 47 50 93 87 54 37 95 494 62 42 57 91 164 82 98 59 132 84 138 1483 178 260 164 74 48 69 67 279 97 107 109 119 140 129 373 389 87 46 88 289 209 126 94 181 574 64 123 40 25 37 170 169 95 143 166 121 109 86
98 58 103 103 122 301 140 257 123 468 430 969 330 1153 576 519 444 115 75 41 108 73 33 33 49 89 73 52 196 33 49 250 118 60 61 369 63 37 36 27 72 262 117 77 69 50 64 926 207 863 110 70 62 26 164 49 123 101 114 119 182 150 126 81 158 165 104 138 150 101 151 64 62 59 55 101 29 44 24 147 416 464 242 363 182 1284 709
242 117 90 171 697 261 280 364 779 311 940 261 497 295 257 150 164 179 172 66 353 90 60 26 49 235 62 74 123 84 67 93 125 71 73 114 80 239 76 74 156 166 451 42 54 46 178 225 112 431 141 163 32 10 16 235 122 119 111 91 362 133 137 135 87 209 106 127 317 123 140 77 63 47 368 57 43 16 24 213 207 181 223 259 345 177 242
679 107 316 597 206 205 158 197 146 128 95 362 88 231 272 195 358 157 116 442 82 31 203 30 51 62 404 131 83 281 218 70 81 44 547 111 91 68 88 55 211 83 70 76 90 295 1394 158 239 688 166 130 44 40 16 82 125 139 444 117 62 79 149 149 78 94 193 84 95 224 164 159 73 43 82 62 37 38 84 400 73 94 138 85 131 179 159
207 405 319 359 236 330 718 307 178 463 110 120 482 143 191 122 106 215 58 328 33 41 69 84 50 120 59 190 214 57 78 114 115 150 106 89 86 91 320 109 73 148 168 753 388 84 145 168 115 176 129 118 120 39 24 103 123 88 112 131 365 127 574 350 151 90 236 649 158 105 73 312 39 46 74 277 40 34 79 132 71 84 179 72 109 162 2689
222 621 282 203 1050 607 328 168 175 201 172 300 365 176 160 120 71 23 82 147 33 49 80 122 84 47 297 201 176 86 98 334 122 85 261 83 56 112 256 80 67 259 214 97 177 202 160 166 410 113 607 123 39 35 64 153 377 133 365 119 132 115 73 65 98 84 96 172 131 80 72 256 139 269 81 231 42 75 110 378 113 145 198 288 302 2372 371
610 212 190 230 787 143 229 236 215 576 164 147 221 172 73 121 180 49 122 52 32 39 90 289 107 241 77 190 81 108 144 114 77 79 70 124 164 111 198 122 115 101 145 278 91 452 206 153 137 123 407 462 50 42 51 195 126 152 149 128 94 48 90 417 139 74 708 72 60 129 263 152 141 205 73 84 88 166 409 175 242 330 182 231 79 110 111
203 604 187 202 558 221 1062 155 456 421 131 223 161 162 161 122 139 260 249 99 46 17 92 307 251 210 377 501 128 86 78 97 326 111 137 115 251 124 118 61 130 80 271 375 105 575 636 554 169 173 225 177 135 138 53 57 133 150 133 365 113 105 111 123 381 415 169 67 94 614 407 111 82 54 70 51 112 298 211 416 158 137 180 193 129 181 69
211 180 579 589 93 128 94 307 258 337 134 105 257 756 217 408 218 352 599 213 82 18 25 145 142 322 126 718 159 135 160 48 53 56 331 120 102 81 108 174 236 655 80 76 114 121 150 128 226 778 374 272 93 147 1059 576 230 175 120 301 332 114 87 70 102 182 198 99 55 134 1156 129 189 85 221 63 386 555 139 180 126 98 81 175 238 194 87
201 280 131 665 219 143 934 109 286 108 117 168 217 306 332 415 356 238 259 649 652 70 24 145 204 69 241 215 131 156 284 61 29 31 136 746 75 193 1319 509 188 185 61 70 601 184 478 644 230 201 190 185 86 67 95 79 40 159 1272 200 686 119 1901 75 85 377 279 95 1188 181 171 756 97 834 236 54 110 399 168 169 197 197 86 167 141 110 302
196 1003 195 152 528 144 128 162 125 197 207 171 272 680 279 310 327 186 356 166 252 156 86 586 155 126 426 110 248 42 87 50 258 92 101 204 146 89 160 173 126 192 822 94 174 195 124 166 209 124 139 726 51 51 158 42 27 47 109 87 145 344 244 118 690 91 93 170 137 376 62 70 163 116 198 620 95 162 122 70 186 213 137 391 93 139 245
57 107 524 215 197 670 161 140 188 243 209 476 541 186 205 864 232 225 259 171 137 115 197 254 113 169 135 45 106 180 153 79 125 36 195 192 92 81 85 259 150 197 71 145 457 414 72 213 357 180 124 192 93 132 43 12 44 29 298 51 87 145 143 459 96 194 72 76 50 183 111 167 212 60 61 59 228 178 76 71 83 140 139 185 152 73 122
144 170 121 668 235 250 228 198 245 226 249 889 165 652 220 803 314 166 141 348 179 272 266 144 102 190 158 647 227 161 188 127 145 51 135 191 104 295 108 186 197 390 92 195 410 155 56 58 41 54 88 812 77 38 23 30 50 61 146 62 206 122 136 132 399 125 129 428 105 71 94 56 52 70 552 128 359 451 199 201 438 220 138 123 101 61 317
561 171 188 216 304 209 239 526 760 246 247 219 221 533 981 235 142 96 57 137 351 593 198 122 135 639 156 187 177 140 432 146 208 165 88 136 142 101 170 175 265 501 85 229 129 89 36 116 540 49 67 62 61 69 40 42 101 73 344 62 299 155 151 436 96 92 612 184 436 208 102 47 155 98 45 150 85 823 147 121 91 176 448 245 759 250 467
590 689 186 217 201 633 233 311 244 225 240 184 240 206 683 122 318 77 286 105 113 261 317 258 587 106 141 146 280 191 204 158 190 255 236 278 182 388 259 113 152 234 213 665 166 616 157 277 178 247 58 168 102 395 71 89 67 42 39 55 42 60 102 71 100 74 380 397 349 202 317 306 116 279 134 80 155 148 133 342 106 143 102 104 225 220 133
785 195 191 226 207 236 919 271 296 689 222 221 236 119 99 115 87 113 98 160 185 178 243 197 100 53 72 186 283 577 159 136 1143 241 1971 1236 152 147 188 155 152 410 170 175 236 78 46 57 707 142 104 174 140 341 43 248 51 56 79 54 59 61 46 65 292 242 510 147 206 110 92 77 303 307 265 102 166 489 176 136 340 486 247 270 793 408 220
214 998 213 99 472 221 190 228 993 237 204 120 261 92 124 172 86 138 193 262 47 111 52 186 130 137 147 210 372 622 94 150 164 430 305 125 191 125 111 479 38 32 44 100 100 35 127 513 185 433 173 149 84 74 52 94 68 54 113 69 89 117 165 64 142 112 223 114 130 319 65 44 84 109 104 279 408 109 72 63 98 256 92 186 80 375 179
86 135 175 91 270 215 254 296 181 348 94 98 110 121 120 105 112 143 144 96 49 23 18 75 165 78 111 112 369 236 209 551 305 152 128 61 297 104 442 104 122 277 75 243 182 407 154 120 163 469 143 266 63 157 74 94 113 42 44 37 62 100 99 30 150 253 148 187 127 113 72 72 97 159 114 73 98 117 304 58 279 86 47 44 43 57 168
197 306 153 133 144 177 322 109 305 128 84 105 307 372 225 451 120 62 85 198 567 69 101 704 162 128 129 185 116 512 303 264 555 86 69 48 355 62 75 87 93 347 107 56 58 174 150 153 410 145 677 112 494 84 58 116 570 127 51 57 74 40 66 32 64 742 143 412 71 313 932 152 345 116 107 65 56 66 204 74 97 93 126 250 52 57 82
189 299 104 492 44 1470 348 96 130 106 133 167 173 210 74 110 83 413 227 65 65 543 122 73 110 809 198 237 537 232 182 99 108 86 97 79 99 85 190 70 100 109 126 414 150 171 615 209 72 130 177 166 209 105 108 128 160 151 114 39 30 64 67 47 116 98 105 98 85 117 200 443 133 89 418 196 98 976 98 66 96 297 79 61 67 76 290
845 60 70 51 134 103 106 37 715 96 419 334 107 71 74 320 58 55 33 35 199 161 194 123 25 75 481 62 390 207 187 179 81 174 125 291 50 72 48 65 53 109 1431 186 188 228 155 111 134 562 204 415 108 620 639 128 476 124 139 286 41 30 47 66 63 60 506 194 316 114 315 128 299 114 274 113 323 99 58 32 96 74 466 92 274 102 120
129 204 24 42 32 36 37 116 100 46 68 142 375 139 122 117 78 36 52 51 133 678 128 349 137 724 136 121 344 72 140 66 347 78 237 61 35 100 58 203 81 208 196 169 362 201 352 154 153 115 180 167 213 485 119 115 90 76 159 140 112 61 28 50 34 73 224 246 759 153 110 95 107 313 154 109 302 313 90 72 113 454 39 54 105 218 183
261 85 37 72 243 90 110 100 518 22 20 90 87 144 281 320 61 121 93 104 120 116 141 120 293 1245 148 134 695 55 116 52 712 156 529 156 68 46 112 41 148 221 293 119 94 162 694 216 182 304 939 233 249 195 162 144 217 90 230 156 311 442 45 46 57 60 669 736 112 235 678 111 114 99 110 770 124 123 356 71 232 59 38 90 876 173 228
100 252 104 175 85 118 78 107 52 47 53 159 42 98 118 115 92 93 127 116 483 143 140 140 437 362 591 110 189 432 91 49 444 84 150 137 319 148 112 92 631 204 119 213 487 167 670 161 136 187 272 167 676 155 600 181 487 158 154 394 66 162 109 142 168 148 666 246 118 154 205 323 315 321 118 175 182 599 258 58 91 136 132 129 285 68 155
156 91 65 107 107 60 73 155 40 55 50 135 178 44 244 92 85 167 167 159 174 488 140 160 988 150 189 208 108 29 48 47 271 83 204 292 66 212 168 71 129 159 127 139 231 131 169 203 177 219 594 122 124 752 158 156 182 563 160 137 434 519 719 162 507 156 214 344 362 176 677 311 124 134 109 309 140 148 112 623 1035 271 129 149 260 80 197
118 121 417 118 155 77 284 101 356 96 95 198 129 77 193 110 95 422 174 471 136 131 90 246 178 71 118 212 62 4 43 249 72 81 186 115 99 86 137 57 252 184 323 254 208 188 174 210 825 166 214 144 105 755 224 210 154 183 177 132 128 146 114 114 143 71 128 745 457 97 115 107 107 109 120 76 46 90 94 323 148 104 89 98 143 81 163
