data/westAfricaAscii_agg10.asc
NCOLS 596 
NROWS 504 
XLLCORNER -17.025 
YLLCORNER 4.50833333333334 
CELLSIZE 0.0166666666666667 
NODATA_value -9999 
[rows 78 to 116 of 504, columns 87 to 173 of 596]
-9999 -9999 41 217 30 37 -9999 12 113 22 6 29 8 0 0 -9999 2 8 3 6 53 46 23 2 16 46 54 8 22 -9999 0 8 34 18 15 106 127 101 69 59 85 136 168 57 55 30 52 38 8 11 0 0 0 0 316 23 14 16 13 9 11 10 14 11 13 20 10 12 7 2 19 6 8 27 30 42 29 80 426 43 23 20 29 26 26 24 47
-9999 20 22 241 703 4241 -9999 71 3 0 11 54 -9999 -9999 -9999 2 30 42 17 18 48 90 10 2 20 54 65 41 26 19 0 3 4 2 48 26 0 20 18 78 32 22 40 1007 51 47 27 22 34 28 12 16 12 83 122 65 16 10 15 14 12 9 11 11 13 12 13 9 14 8 16 3 16 62 49 228 246 210 27 37 15 48 195 37 13 35 12
296 155 25 88 402 1390 10 0 22 2 2 331 -9999 -9999 0 0 2 22 33 71 66 361 11 7 38 216 45 18 0 0 0 0 0 4 20 18 54 22 87 52 25 0 9 88 84 10 12 12 61 64 11 9 37 117 82 30 17 16 10 12 11 13 10 8 10 20 10 22 33 12 11 22 52 59 34 28 37 28 22 29 35 28 40 47 24 35 14
109 82 21 134 59 0 0 -9999 0 -9999 -9999 -9999 -9999 -9999 0 31 42 8 20 54 554 57 306 265 59 99 210 36 4 22 14 18 9 14 49 99 157 112 126 167 50 18 18 38 35 21 20 35 53 72 23 39 79 612 85 48 50 17 25 23 14 15 12 37 9 12 9 85 28 56 33 55 86 34 33 21 67 26 34 22 25 18 31 38 42 51 9
19 8 -9999 -9999 -9999 -9999 -9999 -9999 -9999 -9999 0 0 8 -9999 22 182 118 31 77 152 197 124 70 99 170 68 51 34 22 127 136 65 181 136 152 80 59 37 36 82 62 46 83 119 268 194 123 68 105 45 119 602 122 72 16 59 15 19 43 28 57 10 30 65 14 30 45 88 73 71 84 149 55 32 32 8 23 24 32 33 27 25 18 281 124 52 28
14 125 -9999 -9999 -9999 -9999 -9999 -9999 -9999 -9999 0 26 390 12 27 111 94 87 78 137 169 272 64 116 96 35 214 213 44 104 146 42 121 117 149 42 28 13 40 33 22 87 134 92 58 29 45 21 13 30 29 38 86 49 12 15 16 10 64 38 61 41 71 57 12 38 53 83 87 89 261 182 77 35 18 59 25 22 41 28 20 105 14 26 22 44 47
13 0 -9999 -9999 -9999 -9999 -9999 -9999 -9999 9 0 28 73 92 116 89 35 51 75 85 561 78 123 85 58 250 289 199 516 36 37 35 46 37 72 31 10 13 19 45 41 67 52 217 30 49 136 46 30 22 40 20 17 41 79 73 36 43 79 95 53 65 43 20 37 34 30 28 41 63 79 151 76 41 32 24 44 47 36 45 49 21 26 28 21 43 157
-9999 -9999 -9999 -9999 -9999 -9999 -9999 -9999 34 15 48 48 56 100 60 44 34 76 515 165 47 62 48 188 168 258 204 146 233 53 38 37 48 33 31 20 15 35 20 31 58 114 105 15 20 58 175 15 21 36 17 23 74 97 779 115 54 93 89 100 91 128 79 45 26 28 34 34 55 70 65 105 40 32 17 24 144 51 26 42 277 73 37 42 68 364 167
-9999 -9999 -9999 -9999 -9999 -9999 0 9 82 2 412 233 49 54 79 32 25 35 46 214 71 125 151 167 208 277 68 57 52 47 51 36 49 35 40 18 46 13 10 20 267 68 42 34 17 77 26 21 17 7 18 32 82 66 97 92 73 96 84 96 80 90 88 67 47 52 34 28 28 41 58 112 64 54 41 29 61 44 41 18 25 65 60 39 48 48 35
-9999 -9999 -9999 -9999 -9999 -9999 0 0 2 7 366 76 156 45 20 0 9 83 12 13 45 81 162 290 342 144 191 39 53 50 39 40 56 47 29 19 14 15 8 21 43 41 33 25 18 74 58 19 13 10 10 36 53 107 128 83 84 94 159 151 85 67 85 67 28 46 37 32 32 38 56 107 51 52 48 22 56 63 29 22 25 40 218 79 43 17 55
-9999 -9999 -9999 -9999 -9999 -9999 0 6 8 88 88 16 86 8 67 22 24 79 15 85 104 26 199 349 444 442 1181 49 82 163 66 58 334 62 41 27 30 24 11 9 24 11 10 9 9 19 56 21 15 22 21 35 45 216 66 75 142 167 162 167 112 67 106 35 52 49 56 38 26 61 28 111 93 91 121 36 59 89 34 21 30 30 68 79 45 17 35
-9999 -9999 -9999 -9999 -9999 12 19 34 42 118 190 37 39 0 6 9 79 55 10 110 258 221 320 140 360 152 166 425 44 43 47 81 41 193 73 21 18 24 23 15 21 29 20 13 16 14 48 22 20 29 34 32 283 112 233 111 95 55 62 145 185 112 67 48 78 86 52 72 61 32 52 79 72 69 84 49 34 93 59 54 148 29 75 109 55 42 34
-9999 -9999 -9999 -9999 -9999 6 36 964 25 30 28 629 -9999 5 541 124 14 3 6 212 222 385 139 403 332 307 82 68 28 61 71 194 64 99 47 27 73 46 15 45 28 28 20 18 12 9 24 53 15 28 35 29 64 106 53 48 37 26 37 128 144 239 111 25 33 49 32 40 33 30 35 53 248 56 42 259 75 46 60 64 20 28 31 32 73 232 28
-9999 -9999 -9999 -9999 -9999 247 56 33 42 7 0 -9999 -9999 4 36 35 11 10 39 169 1008 222 92 287 400 174 39 40 58 66 98 36 107 206 134 100 42 11 10 32 77 46 24 19 65 19 75 77 53 39 35 44 214 119 99 71 67 32 26 27 40 77 180 89 39 29 40 26 59 39 32 36 73 150 33 72 209 41 42 46 34 38 36 22 91 55 43
-9999 -9999 -9999 -9999 0 6 32 19 13 0 -9999 8 49 11 4 40 41 23 393 39 43 642 180 267 1553 150 38 73 244 41 162 254 103 347 264 175 193 198 273 1234 59 28 52 54 15 73 129 34 242 57 35 67 158 119 127 126 62 34 21 21 41 104 158 45 32 24 25 24 46 44 36 73 57 164 69 28 28 37 116 43 39 30 23 35 74 47 55
-9999 -9999 -9999 -9999 2 0 14 333 13 -9999 0 58 340 189 44 9 209 231 771 371 135 60 186 144 162 288 65 245 76 65 108 200 93 345 289 100 135 103 157 151 116 51 121 10 97 13 37 73 312 59 73 69 44 68 180 136 135 40 32 22 28 57 176 79 55 24 34 51 40 34 46 51 38 67 38 26 23 49 148 66 64 38 25 35 38 167 23
-9999 -9999 -9999 -9999 0 0 0 -9999 -9999 -9999 13 347 168 58 52 246 297 517 529 301 213 66 26 231 473 193 31 66 516 271 100 111 27 192 232 44 85 90 228 138 175 121 245 169 260 132 50 85 211 206 173 274 24 39 54 98 623 98 25 24 38 29 40 59 653 62 53 55 101 44 29 58 92 30 27 25 36 79 57 51 140 195 56 40 31 33 40
-9999 -9999 -9999 -9999 -9999 -9999 -9999 -9999 -9999 10 51 489 155 47 37 39 11 61 229 87 71 54 324 159 204 58 31 703 107 198 144 94 85 188 269 69 54 39 19 84 53 15 14 174 164 81 52 35 44 61 86 322 56 19 37 56 71 200 40 28 30 41 40 54 393 101 67 40 31 51 31 22 31 39 24 30 31 213 37 29 27 82 62 31 34 31 29
-9999 -9999 -9999 -9999 -9999 -9999 -9999 -9999 -9999 398 163 351 636 19 12 26 109 74 968 138 114 354 460 341 118 18 37 83 92 58 48 152 56 100 138 86 6 4 15 48 71 71 135 87 80 64 36 24 57 77 151 268 782 53 323 62 286 51 88 35 23 25 42 36 90 54 63 141 29 29 27 28 28 34 31 29 50 240 48 19 44 58 48 98 32 29 29
-9999 -9999 -9999 -9999 -9999 -9999 -9999 -9999 -9999 22 134 370 76 60 49 2 60 102 594 1218 298 146 238 168 120 50 70 217 63 146 168 127 191 124 96 46 2 13 2 6 88 52 139 216 101 100 29 88 188 136 77 63 42 108 104 59 39 26 70 81 40 35 24 36 116 102 37 40 22 32 25 85 26 17 26 29 46 74 23 22 26 256 44 38 28 29 29
-9999 -9999 -9999 -9999 -9999 -9999 -9999 -9999 -9999 -9999 19 51 4 0 11 7 75 145 201 241 187 238 118 1623 132 20 27 58 123 84 91 65 0 41 0 15 5 11 10 2 52 15 369 146 53 40 59 104 187 76 138 24 53 57 43 83 116 43 38 212 103 42 42 36 42 76 49 35 27 29 22 17 20 29 25 23 50 108 63 23 23 35 140 59 197 25 34
-9999 -9999 -9999 -9999 -9999 -9999 -9999 -9999 -9999 -9999 0 18 51 32 27 9 29 100 55 56 92 1661 133 470 58 7 61 68 59 243 38 36 116 98 8 9 8 5 7 14 50 84 384 97 35 25 71 62 31 63 275 25 23 22 32 94 125 61 53 55 101 45 29 31 31 53 364 38 25 11 16 26 32 19 18 27 81 81 32 28 36 57 91 35 26 22 38
-9999 -9999 -9999 -9999 -9999 -9999 -9999 -9999 -9999 -9999 7 39 17 8 26 40 36 46 36 38 79 61 43 75 95 27 428 97 64 97 141 154 1279 65 5 6 21 26 21 5 27 821 219 71 38 64 61 40 28 49 23 30 231 47 51 382 107 38 76 41 57 332 49 18 92 34 39 36 18 33 14 35 20 28 94 53 73 65 27 30 37 68 82 34 14 38 33
-9999 -9999 -9999 -9999 -9999 -9999 -9999 -9999 -9999 -9999 45 13 79 105 98 9 102 0 54 60 99 23 18 48 298 26 50 66 41 305 141 37 5 4 2 3 6 38 8 17 16 176 175 48 211 45 40 28 35 26 25 40 64 50 51 72 127 50 29 31 82 57 76 18 35 31 27 19 24 32 16 23 20 26 37 78 51 40 25 22 18 20 73 63 39 29 32
-9999 -9999 -9999 -9999 -9999 -9999 -9999 -9999 -9999 -9999 21 67 62 99 63 128 156 62 70 90 43 7 30 94 78 263 16 48 86 100 106 69 39 4 7 0 5 32 39 105 49 270 223 35 126 103 101 39 30 28 18 26 32 30 23 40 54 85 52 188 104 88 37 25 37 26 27 28 11 30 51 22 30 20 25 74 145 30 18 22 31 32 44 141 66 34 27
-9999 -9999 -9999 -9999 -9999 -9999 -9999 -9999 -9999 -9999 0 27 43 75 1191 783 82 76 73 52 72 4 60 571 125 64 64 22 33 133 112 8 31 17 2 0 4 23 36 59 158 146 179 79 108 304 301 481 121 46 208 29 44 22 17 33 56 59 29 44 46 62 47 17 19 14 21 20 21 14 14 28 20 20 34 72 50 30 31 138 62 152 46 71 43 30 45
-9999 -9999 -9999 -9999 -9999 -9999 -9999 -9999 -9999 -9999 -9999 -9999 13 25 98 57 40 63 79 58 22 15 16 19 114 25 230 29 17 4 49 5 27 2 0 3 7 8 18 20 27 195 55 133 109 61 93 156 257 149 129 58 299 37 23 164 48 118 47 36 92 40 180 37 30 21 24 16 17 212 19 32 18 40 52 265 277 79 51 33 154 40 23 21 17 32 125
-9999 -9999 -9999 -9999 -9999 -9999 -9999 -9999 -9999 -9999 -9999 -9999 -9999 0 40 22 74 74 87 78 69 19 2 74 98 190 249 12 6 7 0 22 0 0 12 27 37 8 45 201 221 17 69 168 87 44 43 85 137 131 101 55 17 33 24 32 29 53 146 90 78 94 117 66 36 18 34 51 27 46 53 54 57 53 52 39 168 56 72 60 55 29 41 31 32 33 41
-9999 -9999 -9999 -9999 -9999 -9999 -9999 -9999 -9999 -9999 -9999 -9999 -9999 -9999 0 19 8 52 42 38 118 8 2 45 96 53 98 61 5 3 4 3 -9999 39 8 8 0 52 22 431 54 93 361 168 37 24 36 114 181 45 40 27 24 26 26 24 43 44 121 145 93 48 51 69 35 18 9 62 141 90 60 81 60 51 21 32 63 31 32 74 62 232 19 22 28 21 33
-9999 -9999 -9999 -9999 -9999 -9999 -9999 -9999 -9999 -9999 -9999 -9999 -9999 -9999 -9999 -9999 -9999 0 0 0 16 2 4 33 48 384 164 7 0 -9999 -9999 -9999 5 35 15 21 10 82 127 211 81 69 67 426 84 63 60 72 71 108 48 230 31 8 32 65 42 59 511 96 57 71 38 72 43 11 35 90 95 31 29 56 37 54 34 25 40 32 19 55 59 47 20 26 39 34 33
-9999 -9999 -9999 -9999 -9999 -9999 -9999 -9999 -9999 -9999 -9999 -9999 -9999 -9999 -9999 -9999 -9999 -9999 -9999 -9999 -9999 -9999 0 20 33 165 72 41 -9999 -9999 5 0 16 48 33 17 22 40 44 759 30 20 41 79 135 85 228 266 66 76 84 66 78 9 28 85 41 65 140 126 114 298 135 124 134 20 28 94 30 29 40 66 28 53 125 40 64 55 22 20 28 19 18 25 36 59 24
-9999 -9999 -9999 -9999 -9999 -9999 -9999 -9999 -9999 -9999 -9999 -9999 -9999 -9999 -9999 -9999 -9999 -9999 -9999 -9999 -9999 0 0 0 0 0 0 -9999 -9999 -9999 4 2 61 43 143 220 44 99 102 287 105 60 29 69 69 115 161 56 52 69 229 40 8 34 52 83 79 38 93 154 101 69 59 101 352 29 78 28 23 29 18 26 16 13 27 40 40 149 48 26 26 33 23 22 58 103 167
-9999 -9999 -9999 -9999 -9999 -9999 -9999 -9999 -9999 -9999 -9999 -9999 -9999 -9999 -9999 -9999 -9999 -9999 -9999 -9999 -9999 0 0 3 3 0 -9999 -9999 -9999 2 6 0 210 301 19 9 5 32 61 68 167 72 22 62 106 126 135 64 72 38 72 23 19 25 28 62 43 28 82 92 146 140 67 122 70 25 32 139 18 26 19 23 15 23 20 50 186 44 44 64 25 24 44 31 52 53 29
-9999 -9999 -9999 -9999 -9999 -9999 -9999 -9999 -9999 -9999 -9999 -9999 -9999 -9999 -9999 -9999 -9999 -9999 -9999 0 5 7 13 10 0 -9999 -9999 -9999 0 57 54 9 41 44 14 9 50 97 13 6 37 45 27 117 81 110 56 57 63 39 27 35 20 8 10 114 54 167 62 62 264 103 120 71 38 26 51 45 43 42 29 30 19 18 16 38 22 106 37 30 362 66 29 64 161 41 21
-9999 -9999 -9999 -9999 -9999 -9999 -9999 -9999 -9999 -9999 -9999 -9999 -9999 -9999 -9999 -9999 -9999 -9999 0 5 5 16 47 2 -9999 -9999 -9999 -9999 0 832 284 1056 120 74 22 12 7 10 18 10 1 90 186 99 149 45 11 49 49 12 28 24 4 0 0 11 36 78 28 53 33 51 433 96 25 20 40 44 32 95 34 20 125 15 23 46 39 37 144 181 156 149 384 46 21 18 26
-9999 -9999 -9999 -9999 -9999 -9999 -9999 -9999 -9999 -9999 -9999 -9999 -9999 -9999 -9999 -9999 -9999 -9999 0 0 10 10 17 -9999 -9999 -9999 -9999 -9999 -9999 137 225 98 51 48 29 68 101 21 14 28 0 15 37 117 81 29 10 93 32 10 11 7 2 3 26 36 72 21 84 27 42 67 91 131 22 24 23 33 42 54 53 41 37 37 16 65 29 70 190 92 77 101 38 28 14 28 24
-9999 -9999 -9999 -9999 -9999 -9999 -9999 -9999 -9999 -9999 -9999 -9999 -9999 -9999 -9999 -9999 -9999 -9999 -9999 -9999 8 5 2 -9999 -9999 -9999 -9999 -9999 4 69 48 58 34 48 16 59 72 23 8 17 23 6 38 70 838 64 21 27 173 68 30 0 3 28 66 54 92 78 30 27 28 40 191 53 28 71 60 30 26 57 187 323 108 90 28 47 246 332 224 235 51 169 72 42 47 64 66
-9999 -9999 -9999 -9999 -9999 -9999 -9999 -9999 -9999 -9999 -9999 -9999 -9999 -9999 -9999 -9999 -9999 -9999 -9999 -9999 -9999 -9999 -9999 -9999 -9999 -9999 -9999 -9999 12 80 89 46 14 24 27 40 7 21 22 46 21 8 241 144 72 -9999 13 123 40 180 8 15 65 572 388 203 102 268 57 32 32 39 48 35 68 93 71 55 74 78 95 146 146 364 94 80 270 499 256 134 87 59 468 188 322 185 173
-9999 -9999 -9999 -9999 -9999 -9999 -9999 -9999 -9999 -9999 -9999 -9999 -9999 -9999 -9999 -9999 -9999 -9999 -9999 -9999 -9999 -9999 -9999 -9999 -9999 -9999 -9999 0 17 56 53 27 14 48 2 5 53 26 5 10 18 0 76 17 -9999 -9999 -9999 -9999 1 0 9 39 141 406 219 157 173 129 223 40 32 55 72 58 78 70 72 295 76 78 596 148 130 360 115 59 758 339 247 148 226 258 97 326 64 210 207
