data/westAfricaAscii_agg10.asc
NCOLS 596 
NROWS 504 
XLLCORNER -17.025 
YLLCORNER 4.50833333333334 
CELLSIZE 0.0166666666666667 
NODATA_value -9999 
[rows 312 to 350 of 504, columns 435 to 521 of 596]
45 33 40 54 87 64 68 161 51 49 56 39 23 62 494 92 104 69 165 161 145 63 266 151 50 45 49 33 42 107 93 94 142 124 45 48 162 70 110 173 83 111 99 167 320 109 76 108 109 66 86 413 151 64 54 177 88 58 88 141 125 375 150 99 226 115 67 63 79 190 257 739 250 219 263 1263 195 142 149 173 292 404 816 37 41 43 206
24 24 24 26 37 36 51 64 51 21 16 17 15 26 60 61 64 215 89 71 591 105 94 112 54 36 38 31 67 54 140 96 66 169 48 146 117 84 148 120 89 115 98 49 60 59 41 36 33 63 70 52 131 120 128 180 61 57 64 113 275 93 270 101 113 92 68 58 75 493 345 250 445 98 218 1968 281 135 314 558 148 46 11 24 8 18 364
7 15 24 30 28 32 53 107 36 13 15 12 31 137 58 67 78 68 71 287 68 88 88 60 52 52 47 48 275 104 474 132 127 360 165 104 130 130 117 107 125 1154 54 48 74 51 84 20 21 40 58 27 64 116 152 129 58 58 105 93 64 101 85 108 255 1063 192 187 67 307 408 141 271 78 117 428 275 224 416 339 39 10 21 77 43 5 36
7 7 8 16 24 45 44 70 181 43 22 38 82 66 240 126 180 80 73 113 82 184 38 56 40 101 63 70 140 95 108 66 86 126 155 89 416 140 74 81 165 48 39 50 177 120 33 19 26 51 46 27 33 330 263 102 51 52 110 92 105 246 200 273 268 313 264 269 149 450 307 146 3004 223 140 1197 312 408 219 27 10 10 9 42 16 32 50
7 6 11 11 16 70 70 66 66 52 56 113 69 56 68 680 124 105 162 66 55 75 54 56 100 136 149 45 132 85 145 87 473 116 358 121 68 103 97 140 46 51 55 89 128 66 36 61 78 88 38 24 36 66 72 42 43 69 501 174 299 238 650 259 425 311 130 681 225 268 362 187 434 112 77 200 461 168 132 18 8 2 26 20 36 170 654
78 22 20 34 20 35 59 65 202 66 62 65 226 61 55 212 321 141 30 45 61 74 50 38 152 46 346 127 499 102 558 132 580 157 196 156 113 122 179 501 36 25 44 101 121 64 52 103 133 95 52 84 40 55 52 52 54 233 142 286 229 389 232 373 225 111 193 190 163 375 153 196 170 100 61 77 283 1788 111 4 0 17 10 23 170 203 240
26 12 22 20 23 24 49 44 64 100 71 74 72 171 108 130 98 80 37 24 45 45 50 58 113 76 86 163 119 99 211 218 176 138 165 136 355 83 123 67 25 44 44 125 117 76 52 84 147 79 52 57 55 57 57 98 86 178 148 201 332 247 327 230 164 144 90 186 117 122 72 193 865 153 244 208 184 145 56 6 19 18 0 65 100 118 143
14 22 15 7 15 19 52 49 56 206 69 61 71 337 121 72 75 55 34 45 44 37 96 48 44 34 43 108 72 56 130 140 84 554 164 167 95 32 49 57 63 50 58 145 135 60 68 139 122 60 60 42 80 133 147 163 60 156 132 142 270 369 728 240 158 202 120 104 76 167 126 164 1209 2429 7942 3890 963 76 17 17 8 10 35 446 52 68 588
29 15 8 11 8 41 52 50 50 63 57 44 38 69 120 331 289 52 37 56 44 81 44 45 29 26 70 251 120 103 584 115 109 136 142 149 65 62 42 78 564 112 52 93 101 60 94 118 94 60 68 36 138 140 64 59 31 295 82 84 102 166 210 81 84 148 306 158 91 249 303 205 628 5879 834 206 314 55 14 13 2 22 66 45 56 46 2995
8 22 8 8 19 52 42 38 32 38 50 38 32 53 353 118 98 83 69 44 51 50 50 48 32 82 228 79 150 131 199 204 204 358 177 59 24 21 43 58 153 145 84 151 175 98 136 105 53 52 60 55 94 108 62 66 152 537 125 120 155 187 486 128 136 84 121 76 181 104 210 392 3221 284 41 27 62 88 49 7 25 166 106 32 32 46 574
8 8 15 20 80 44 88 32 32 38 50 32 32 77 104 101 67 87 67 64 32 38 84 26 38 104 91 52 107 104 124 136 79 109 154 44 23 45 99 74 113 215 164 149 99 108 116 56 45 42 54 46 63 100 97 69 187 105 44 89 292 138 114 101 115 93 82 141 210 67 109 268 298 120 9 28 163 92 40 61 92 791 45 32 32 42 121
6 15 14 32 44 50 38 32 37 61 84 118 122 97 93 236 66 276 413 38 38 71 63 52 76 248 50 90 117 485 591 143 76 96 323 108 98 54 57 60 45 152 111 132 68 110 75 56 44 31 52 68 152 123 58 97 180 66 56 123 78 95 89 335 62 59 152 137 93 117 226 539 94 4 19 84 6 33 178 217 96 121 48 35 32 33 840
4 7 44 50 44 32 32 34 67 244 104 97 110 203 57 90 72 77 298 38 53 40 47 38 46 77 111 116 302 200 181 125 60 94 108 68 36 100 19 44 60 113 175 59 74 152 55 40 54 24 54 75 114 125 52 94 198 60 82 47 270 83 139 121 65 59 54 42 53 338 214 370 153 24 35 12 22 86 175 161 98 132 526 35 33 32 49
6 20 44 38 32 32 32 36 201 76 70 40 100 71 67 44 131 87 93 38 77 80 49 159 73 56 92 263 146 396 142 176 126 160 245 54 28 24 48 64 52 97 147 85 153 151 44 50 40 33 60 68 153 134 68 136 195 67 111 84 160 327 129 91 65 68 58 72 194 812 561 2864 1575 15 19 22 54 64 72 397 122 133 105 95 76 32 74
8 44 50 50 32 32 32 30 42 74 231 38 32 44 72 84 44 95 102 38 77 113 80 86 65 43 124 126 143 130 349 35 66 92 123 92 54 24 39 31 86 88 668 119 154 86 36 56 22 45 68 64 166 124 94 211 153 67 135 126 124 113 89 74 78 39 43 79 193 265 341 163 46 29 35 38 60 60 62 204 117 137 135 60 34 51 32
32 56 56 56 50 32 52 32 40 76 57 50 32 40 68 74 73 90 58 29 45 50 55 149 40 77 155 366 122 115 72 325 40 282 181 97 69 81 35 58 184 289 76 61 58 154 47 77 45 58 52 68 114 148 96 182 72 44 110 107 97 93 42 65 97 92 76 145 431 379 360 152 29 72 41 54 62 62 98 441 315 114 90 878 56 52 46
56 56 47 73 81 44 32 48 48 201 83 38 52 38 38 203 91 92 90 54 52 86 49 55 72 451 130 150 97 74 115 49 59 76 168 83 100 78 42 98 58 55 158 57 73 34 47 332 41 63 97 51 68 94 180 147 177 108 476 74 40 37 82 85 69 61 53 123 451 288 375 298 31 40 164 57 60 68 106 152 119 66 44 97 883 148 60
55 38 36 24 88 96 89 68 171 113 90 50 56 50 50 57 352 132 87 79 42 51 41 103 225 310 110 388 157 177 58 145 42 54 44 41 57 44 64 90 30 66 63 93 59 24 36 58 67 84 94 111 64 136 193 105 100 93 136 68 38 58 72 91 131 146 1165 207 164 111 154 253 75 75 133 104 94 76 108 403 120 56 191 192 68 95 132
38 40 30 28 73 244 104 104 64 56 50 44 81 56 50 56 90 97 56 41 40 46 74 74 57 199 120 116 62 48 64 326 62 205 60 29 36 38 48 36 39 46 82 222 105 28 22 37 54 31 83 112 60 215 150 43 68 118 511 180 142 156 150 129 512 151 207 198 81 111 100 87 79 126 93 215 141 202 146 152 138 344 95 57 46 190 202
26 73 24 24 57 89 89 46 44 32 56 44 56 81 32 71 71 138 39 57 99 707 320 94 89 84 131 126 189 185 77 640 187 594 463 23 19 41 44 40 27 137 47 65 71 23 74 57 166 34 46 78 109 204 73 52 52 153 187 138 138 509 511 126 224 198 194 153 222 87 97 93 283 113 154 411 156 164 150 133 185 122 138 46 48 187 38
32 28 28 20 38 98 128 77 32 38 32 32 32 44 94 96 130 109 423 156 178 168 131 277 110 205 660 298 231 351 865 230 230 126 72 23 22 37 150 76 55 52 72 128 80 52 44 44 145 80 98 96 66 84 64 65 149 145 467 100 141 227 432 723 304 689 298 156 1038 265 2451 72 112 155 77 233 198 60 60 106 348 123 107 49 43 57 57
32 43 67 23 54 81 162 115 64 56 63 52 32 44 46 162 1491 94 94 94 68 67 288 277 72 157 336 367 268 287 283 262 691 210 214 27 61 207 51 39 53 214 75 228 43 33 27 30 203 205 219 75 281 54 52 114 185 146 157 114 186 345 713 534 199 121 120 84 118 144 200 107 82 32 86 402 209 93 74 133 124 172 202 78 512 78 57
81 48 48 61 71 95 72 125 107 85 44 58 88 60 30 50 216 94 46 83 121 78 183 126 56 173 336 383 315 236 262 173 120 189 157 130 57 56 57 52 57 141 62 60 62 43 42 100 121 80 109 60 52 52 52 46 260 78 33 94 218 521 203 169 156 500 143 90 1158 274 169 293 102 89 126 231 84 373 140 261 89 79 148 59 349 338 32
50 41 61 117 113 59 50 89 115 62 32 93 73 30 49 367 99 51 40 114 40 215 104 104 67 273 183 152 151 361 299 89 88 205 81 64 64 44 65 57 56 34 28 27 44 48 48 455 249 63 68 36 52 52 36 113 251 122 104 435 194 151 158 504 131 231 227 86 118 95 149 60 129 134 154 145 84 127 375 148 255 63 238 87 48 559 36
81 38 67 178 75 38 45 108 199 100 70 312 238 199 277 126 241 628 40 40 40 262 246 73 51 220 89 178 209 199 152 68 200 178 216 99 155 63 51 214 49 49 34 20 20 31 88 505 76 68 60 44 44 52 171 139 120 224 103 71 124 123 49 40 40 56 281 140 102 299 82 875 85 125 135 116 56 100 90 250 119 68 43 89 238 235 218
55 65 83 104 48 32 81 37 59 79 80 136 99 104 120 46 152 476 261 226 104 167 277 106 89 330 378 555 146 104 77 163 148 261 188 287 61 69 46 45 43 43 50 34 55 69 138 316 58 108 103 162 57 48 66 74 2453 209 114 44 136 197 49 38 122 57 87 302 160 103 294 232 133 130 136 140 180 122 91 234 114 156 258 236 105 57 208
109 206 323 69 56 56 81 52 57 205 69 94 146 141 57 147 105 136 256 215 722 89 74 110 293 1277 565 256 232 104 94 141 132 40 52 141 84 40 115 210 30 31 206 71 68 51 32 71 44 110 1775 1750 52 20 48 81 336 1107 122 67 319 253 81 58 66 135 266 126 85 113 297 164 86 113 360 69 552 610 86 106 68 44 57 88 97 253 40
113 97 51 44 55 49 44 36 57 84 94 99 110 173 94 84 89 125 1509 299 355 256 298 334 434 455 257 330 84 94 104 142 51 67 40 162 136 67 46 84 50 57 48 50 35 24 121 268 175 185 184 211 181 147 394 324 303 123 90 79 116 134 287 129 115 310 116 1381 93 340 153 424 160 63 204 168 130 78 80 79 80 234 74 95 136 212 40
50 47 38 53 55 42 28 40 99 419 94 73 40 73 209 277 89 51 83 283 460 178 366 267 121 110 350 157 94 382 168 94 40 40 94 99 293 78 78 77 198 96 64 142 47 1511 457 1122 379 519 760 329 2008 240 120 146 139 192 125 106 109 106 171 103 95 110 163 130 48 84 210 160 133 140 114 1201 134 259 106 58 120 123 60 135 272 253 45
47 46 44 45 56 44 38 99 146 215 114 40 40 46 99 94 68 115 52 331 346 504 115 141 99 62 115 115 99 267 183 94 62 63 104 89 126 104 141 62 158 46 51 152 189 548 455 527 490 363 296 250 111 83 102 465 138 150 122 67 62 111 117 57 113 333 259 222 273 168 302 460 134 202 199 96 95 139 151 328 124 160 150 110 90 263 364
44 36 41 49 34 34 83 99 94 89 110 84 79 99 277 125 686 530 241 387 89 120 40 51 84 99 188 194 136 105 73 146 104 283 146 73 46 52 299 340 96 73 231 94 190 716 127 273 720 278 215 997 141 134 100 251 115 314 63 40 48 178 110 87 440 204 109 90 118 225 182 102 133 244 78 107 104 88 277 125 277 111 212 117 73 73 136
78 51 53 34 40 80 201 42 89 282 94 110 94 99 89 126 183 252 341 225 157 40 40 40 46 57 99 309 94 131 40 79 179 214 121 282 120 168 230 165 124 72 72 208 135 408 68 397 625 314 190 254 210 145 259 370 79 287 1828 126 131 280 65 287 103 157 276 130 200 294 73 261 295 97 73 88 542 102 69 107 143 99 82 117 55 56 66
97 126 93 90 143 95 55 55 152 560 110 40 73 628 282 136 220 73 120 493 168 73 62 40 40 78 282 84 94 146 68 121 184 545 105 57 278 272 78 35 32 40 83 326 216 111 107 110 301 85 401 391 350 119 108 49 49 96 159 88 118 183 27 509 336 123 301 85 79 138 106 281 176 104 207 86 100 126 61 240 234 53 55 98 76 38 36
62 100 279 119 98 70 52 60 147 198 126 310 136 94 167 419 466 220 94 115 126 325 287 126 121 104 94 84 120 282 99 94 146 241 57 40 67 52 40 47 32 79 192 170 174 46 77 106 599 363 288 665 299 67 45 38 52 125 98 38 122 79 129 181 164 136 225 181 127 145 331 637 183 137 102 79 68 140 88 96 253 46 44 76 94 76 67
76 72 102 135 188 131 48 44 110 131 282 256 147 408 389 283 173 361 215 225 205 178 282 74 46 236 94 94 94 246 220 188 701 278 121 40 67 67 51 98 39 62 89 161 62 77 61 337 580 451 356 178 1107 197 90 86 317 123 103 112 135 176 655 333 159 354 115 263 148 165 179 169 732 405 215 78 60 95 291 144 263 98 91 90 173 262 98
101 199 168 168 384 145 47 125 209 94 104 110 104 220 210 329 99 282 99 272 73 104 94 40 40 63 99 57 131 236 378 430 246 388 241 110 40 40 45 55 119 76 145 40 47 186 101 258 385 1459 1361 203 246 344 385 97 308 232 133 131 125 386 504 174 510 124 168 280 304 156 162 139 148 405 194 202 269 100 264 95 92 98 137 80 83 98 80
66 78 75 49 134 100 139 439 193 177 440 178 126 749 183 754 146 282 256 172 104 141 84 67 35 46 251 94 99 225 51 282 272 304 272 686 40 57 109 316 79 299 85 538 147 288 581 212 50 177 312 87 1780 487 488 131 286 94 456 106 360 328 305 150 175 505 128 90 107 104 142 87 95 185 145 238 83 98 96 96 215 673 76 36 69 83 85
197 57 32 36 57 104 106 424 167 178 193 167 130 99 236 252 356 246 183 163 366 89 105 84 46 40 94 104 152 40 268 157 241 319 183 178 88 239 184 46 40 69 81 122 286 192 336 175 123 101 216 74 54 344 91 57 63 280 124 488 184 305 557 324 167 257 124 128 486 164 132 144 214 110 35 85 262 94 93 769 184 140 54 72 94 88 265
65 88 68 43 80 172 193 99 345 126 282 397 131 173 717 366 141 215 157 241 262 241 85 99 277 57 89 215 141 40 67 193 324 231 314 288 1552 154 134 32 58 70 81 147 107 213 214 76 115 243 220 50 169 75 82 39 32 55 101 101 161 318 330 113 147 371 265 268 147 96 187 144 229 156 42 119 138 87 69 131 84 36 36 36 64 127 98
