data/westAfricaAscii_agg10.asc
NCOLS 596 
NROWS 504 
XLLCORNER -17.025 
YLLCORNER 4.50833333333334 
CELLSIZE 0.0166666666666667 
NODATA_value -9999 
[rows 156 to 194 of 504, columns 348 to 434 of 596]
24 15 17 33 165 46 42 53 71 227 41 45 49 114 83 101 42 53 52 59 52 133 60 167 128 104 66 25 11 16 20 23 19 19 28 30 25 16 16 16 15 16 17 22 16 15 14 14 16 24 31 24 16 16 16 16 23 30 30 15 16 12 14 15 12 62 21 16 9 11 16 18 38 22 6 5 10 6 5 7 5 12 21 24 20 21 22
24 27 52 36 59 32 96 31 26 142 69 83 55 29 29 35 29 36 29 23 17 16 26 28 45 152 188 155 31 16 22 34 22 16 31 33 20 16 16 16 27 16 15 14 14 22 16 16 12 15 18 37 16 16 16 16 16 23 16 11 14 12 12 12 11 20 12 8 10 9 13 16 29 17 10 13 14 9 6 3 10 4 18 20 8 18 5
27 139 30 90 44 29 46 41 28 17 41 59 123 394 55 62 16 37 44 37 30 16 16 27 19 18 210 54 33 16 97 32 17 16 51 124 19 16 16 18 23 16 16 15 46 100 25 16 14 8 16 16 23 16 16 23 27 16 18 46 22 16 12 12 12 8 12 12 11 9 16 35 34 9 9 2 9 4 5 2 0 10 5 7 9 2 3
13 29 30 29 29 36 43 61 47 40 28 30 81 60 58 17 16 16 23 16 30 69 44 44 48 23 16 38 212 16 89 35 22 16 16 16 16 16 22 98 18 16 23 30 24 102 17 16 16 48 16 23 23 16 16 16 27 20 30 19 25 24 19 12 12 10 12 12 33 12 11 45 32 13 6 14 6 6 7 6 10 9 6 11 5 6 2
15 37 41 37 22 26 26 47 36 34 34 36 35 116 60 32 24 17 22 26 37 30 23 30 45 50 30 64 44 16 18 34 33 26 17 16 16 16 27 33 18 16 16 27 30 16 17 22 52 16 16 23 16 16 19 16 16 16 16 18 68 22 24 18 12 16 12 12 12 12 19 39 18 8 4 4 7 29 7 2 8 7 2 8 15 9 4
18 99 39 140 30 16 12 24 29 18 21 22 22 28 99 65 30 32 100 34 44 44 16 30 32 38 62 92 33 16 17 105 59 97 17 16 16 16 30 38 15 16 16 16 16 16 94 49 39 16 16 48 16 16 16 16 16 16 16 16 13 22 24 23 23 16 20 16 16 22 29 144 72 6 2 8 7 4 7 7 7 2 2 7 9 10 2
43 25 20 45 25 18 34 27 29 26 17 16 21 98 29 99 34 60 24 24 50 52 37 117 37 23 30 90 138 16 17 44 34 47 60 17 23 18 31 32 16 48 16 30 23 16 23 22 15 16 17 129 20 16 48 30 16 23 16 16 17 16 22 21 61 12 26 21 30 29 20 16 18 8 9 4 7 5 6 23 7 6 4 9 6 10 0
64 81 26 34 30 32 30 14 8 23 32 23 31 109 27 33 96 17 20 41 91 324 31 37 30 13 16 28 44 16 16 60 65 74 126 56 27 228 103 97 16 16 16 16 48 16 16 15 21 22 22 36 22 16 16 37 44 28 23 37 58 23 67 22 12 23 450 47 24 27 12 12 33 6 2 11 9 5 6 9 6 2 4 4 4 7 2
52 48 85 82 219 55 14 2 1 16 24 27 144 48 112 34 30 24 128 33 28 27 27 16 23 50 13 26 356 34 16 57 33 37 78 257 58 58 60 32 16 16 16 48 23 37 37 16 16 48 17 57 29 16 16 62 22 53 44 34 19 10 13 12 20 89 78 52 68 23 75 18 10 8 2 8 2 4 2 19 4 3 2 0 8 2 5
30 32 43 66 61 67 45 1 6 27 29 77 34 35 35 32 31 35 98 37 22 16 22 22 30 16 13 75 103 37 23 23 23 23 36 45 132 32 30 23 110 16 16 16 16 55 23 30 30 30 23 16 16 16 16 48 30 37 21 20 41 12 33 16 25 402 44 22 34 20 32 20 8 21 5 42 8 8 2 4 2 2 0 8 6 6 10
40 30 30 33 28 61 86 21 27 82 89 95 34 34 97 98 100 32 36 29 37 27 19 16 48 16 19 37 543 58 124 37 30 23 16 17 24 21 16 62 19 16 48 16 30 23 16 103 16 16 23 23 48 16 16 16 23 39 23 18 33 16 20 20 22 27 14 28 28 28 28 24 9 4 0 2 0 4 2 4 2 2 4 6 2 2 6
16 16 16 21 35 29 30 35 29 28 33 105 34 22 31 29 29 22 48 59 36 38 16 16 16 30 45 61 62 134 124 53 44 110 37 16 16 48 16 16 16 23 37 30 36 30 48 16 23 48 16 30 44 37 16 37 19 21 73 47 37 24 28 36 49 19 33 12 20 24 24 16 10 23 0 2 0 0 2 6 4 2 6 4 2 4 8
24 24 16 16 29 34 89 27 30 45 87 33 99 29 133 35 28 124 56 55 42 25 48 16 77 37 24 38 93 61 224 53 124 30 30 48 16 16 16 16 17 43 218 44 30 124 23 48 16 16 16 16 30 23 27 41 148 24 35 98 29 28 30 47 61 14 20 12 12 16 16 12 11 5 8 2 10 2 2 2 0 5 4 4 4 2 6
20 28 30 27 28 50 34 36 32 98 99 114 79 64 34 324 99 98 24 34 155 52 19 48 19 52 99 27 84 1031 54 71 58 53 30 16 16 48 16 48 31 32 107 23 23 37 37 55 16 16 16 48 84 83 87 51 64 54 18 34 43 31 33 94 30 24 24 12 33 12 33 12 10 4 0 0 2 0 2 10 8 6 2 0 6 9 9
20 28 18 31 55 114 143 44 32 32 39 63 107 171 45 200 106 105 31 26 22 55 23 48 16 16 16 56 86 190 144 99 37 44 44 16 16 20 83 37 44 120 40 23 48 16 30 110 16 16 16 16 21 14 16 16 22 79 44 28 66 24 29 28 14 12 16 12 33 12 16 20 11 7 0 3 2 2 2 4 2 4 4 2 8 2 2
22 23 44 51 214 30 39 35 111 44 34 32 34 50 53 44 102 42 76 91 33 61 100 48 80 51 96 88 61 48 54 36 72 137 40 117 23 130 27 16 22 124 44 36 44 48 16 23 103 16 16 16 16 45 9 11 12 22 84 24 71 20 89 27 13 12 12 12 12 12 12 12 12 5 4 4 6 0 4 2 4 2 3 6 4 2 2
79 186 30 28 19 103 28 132 27 22 19 22 79 33 99 33 99 165 29 71 218 212 209 51 63 54 1011 86 56 155 60 44 46 35 48 37 37 41 21 16 23 37 37 204 30 110 16 16 16 16 16 16 103 24 12 12 12 16 13 38 29 20 26 29 15 12 37 16 16 20 12 34 161 6 0 2 2 4 2 0 0 4 6 6 5 7 4
66 48 20 24 23 41 31 22 31 29 31 78 87 90 54 115 85 67 78 89 162 45 116 1027 145 154 43 81 40 61 33 17 44 32 24 31 38 44 62 23 16 23 55 16 16 18 18 16 23 44 37 30 35 10 12 16 12 12 20 12 20 33 14 26 36 15 13 12 12 16 12 17 31 23 4 2 4 0 0 4 2 6 4 7 6 9 9
74 71 22 21 33 72 81 98 48 107 28 44 72 63 250 60 43 219 72 75 113 46 99 26 39 40 53 59 27 45 51 43 165 29 18 31 98 18 37 60 52 27 23 23 30 45 99 22 16 16 23 22 96 22 14 20 12 17 22 13 12 12 18 22 29 23 22 14 12 14 24 13 32 30 11 8 8 8 6 6 4 6 6 9 8 8 8
114 116 62 60 45 73 59 42 61 46 53 101 213 87 63 113 17 97 55 102 135 34 33 32 33 231 128 36 278 34 149 65 34 50 32 102 33 18 44 249 35 45 42 101 32 32 35 20 16 16 16 22 91 23 23 282 30 22 22 19 25 22 68 33 104 36 30 23 16 19 67 6 14 10 9 8 6 10 7 2 6 8 23 9 8 8 8
80 279 61 54 34 28 19 32 98 45 79 54 64 60 37 78 31 67 41 33 50 33 166 34 112 80 56 47 91 75 112 165 52 65 110 34 35 20 18 98 32 98 215 35 34 32 33 25 16 16 16 20 33 19 23 65 35 53 29 28 67 20 28 24 77 79 34 27 70 24 18 4 28 9 6 9 19 14 9 18 8 8 11 8 8 8 6
46 45 43 120 39 33 29 26 34 45 44 44 59 56 100 38 102 55 115 115 34 28 84 35 29 68 49 55 181 257 259 61 52 34 35 35 99 30 24 36 35 36 32 32 34 34 141 50 26 30 97 32 32 152 100 44 24 88 24 22 22 26 30 34 90 55 56 78 23 24 22 7 8 11 18 8 7 5 14 16 6 10 8 9 9 9 8
125 47 204 38 33 35 165 37 100 50 49 32 101 50 237 83 70 34 48 36 32 114 81 32 23 36 35 49 33 29 106 81 130 55 30 32 27 35 38 96 33 32 30 32 35 35 35 34 36 32 32 32 77 67 34 22 38 33 24 22 23 69 28 18 97 53 75 44 24 22 22 11 15 19 6 6 6 6 11 5 10 13 4 4 8 8 9
122 36 42 41 28 26 30 34 56 69 546 291 70 43 41 34 88 119 100 35 23 24 228 50 99 210 298 54 99 56 76 99 236 59 37 124 48 49 32 33 35 29 32 36 35 34 23 26 32 36 109 41 45 26 22 13 12 22 23 13 11 42 68 57 210 17 19 66 25 24 24 20 61 17 11 6 6 4 4 2 14 60 2 4 6 6 8
33 19 34 42 38 22 21 34 81 244 88 69 99 35 107 95 114 135 35 32 17 16 25 41 100 34 216 53 52 28 111 61 42 56 32 36 66 27 20 33 99 34 32 24 33 29 16 16 28 35 34 33 84 94 24 22 19 15 43 48 9 22 32 54 62 34 24 22 24 154 33 17 34 25 7 8 4 4 4 4 7 5 6 6 6 6 8
125 43 41 93 43 49 53 42 61 79 112 65 100 101 96 88 68 20 32 32 28 28 30 33 100 266 49 33 35 31 65 91 38 50 110 33 21 16 26 34 24 32 30 23 36 22 16 16 17 26 34 33 63 98 22 22 22 9 18 24 33 21 22 62 66 67 36 27 33 22 40 60 47 53 10 6 2 9 23 6 21 9 2 2 8 8 8
45 52 36 111 31 30 29 101 100 46 40 114 98 22 23 50 70 30 162 35 32 97 32 43 111 100 34 99 50 32 48 53 36 59 82 77 78 113 98 32 18 23 31 29 33 23 22 22 22 29 48 98 31 53 24 20 20 10 24 23 44 29 53 53 50 90 58 43 64 25 26 22 36 17 13 2 20 16 15 14 2 4 6 0 8 11 8
132 108 31 44 83 40 43 38 98 51 105 49 33 33 36 33 96 52 59 33 100 21 28 35 49 28 48 36 61 23 106 32 36 77 178 174 48 101 38 36 23 20 30 31 86 37 36 134 36 33 36 28 30 22 25 36 26 22 22 24 61 12 31 56 22 42 49 175 43 161 34 24 146 23 7 6 8 11 13 11 7 0 0 6 4 4 7
44 37 40 59 30 43 36 46 40 101 44 98 33 33 32 30 34 64 66 45 50 39 35 29 24 22 46 49 114 28 19 98 33 61 41 48 175 131 49 34 104 19 30 31 37 33 30 23 18 28 99 20 67 23 29 62 22 22 22 61 22 14 26 67 25 23 38 22 37 62 59 30 24 16 2 13 7 10 14 11 10 19 8 6 6 4 8
81 64 42 231 58 110 138 121 45 47 27 31 159 129 97 34 43 102 36 165 44 34 33 99 35 117 99 128 78 100 31 34 36 98 54 76 52 100 33 35 32 36 51 58 32 34 97 32 37 39 33 23 24 25 22 22 20 18 40 21 62 34 22 22 68 24 71 36 69 23 44 21 32 17 6 23 11 11 8 11 11 9 9 8 6 4 8
56 56 136 43 58 79 97 74 59 124 47 30 36 21 17 25 227 99 33 25 26 98 47 32 32 26 116 33 98 97 56 259 31 98 166 108 97 35 35 34 35 97 98 57 27 28 33 98 37 34 35 22 22 24 35 25 23 19 16 17 24 26 18 31 64 67 35 32 68 24 27 32 25 22 12 15 13 18 15 11 9 16 14 8 6 0 6
113 63 48 41 62 45 119 61 51 66 45 52 131 34 28 32 86 87 28 20 38 31 31 29 261 30 33 93 31 36 65 114 164 101 265 257 34 33 33 99 33 30 31 33 18 30 22 52 26 33 32 18 24 67 31 44 156 21 26 24 62 31 18 165 57 85 51 62 24 49 14 34 35 30 13 11 42 14 56 16 16 27 16 9 2 6 6
39 44 42 76 33 42 39 42 46 124 48 50 42 40 99 32 30 29 88 21 30 88 25 53 88 146 33 32 35 30 79 32 33 31 68 91 40 40 99 34 30 26 29 33 18 16 16 37 32 36 25 22 62 24 67 22 23 40 19 18 26 58 43 23 61 190 66 23 21 45 53 23 38 8 12 13 11 22 12 14 14 8 8 18 14 11 30
38 115 55 40 42 47 124 49 45 44 48 75 69 52 35 77 45 32 43 53 61 42 56 215 218 82 224 46 51 43 78 30 31 98 68 121 54 111 32 32 34 34 37 98 27 62 32 44 262 37 22 60 22 22 22 63 21 19 39 59 14 32 58 77 96 68 22 40 35 67 177 40 25 9 6 14 9 12 56 9 59 8 19 8 8 10 29
42 42 42 65 116 36 35 82 57 103 88 77 112 36 97 42 23 20 53 67 213 58 39 25 55 66 63 97 100 72 230 36 225 75 305 92 165 157 28 23 24 26 61 49 99 36 31 29 93 20 51 23 19 12 22 31 25 21 23 23 15 42 58 178 60 35 78 54 48 53 167 30 30 39 80 18 13 12 17 24 15 12 16 14 18 26 30
36 44 48 118 61 43 39 63 39 46 37 96 313 73 127 255 18 13 24 58 224 105 55 40 62 50 52 49 131 97 33 48 37 103 89 126 90 35 41 89 163 36 97 31 100 34 33 76 62 31 22 23 22 15 19 61 23 19 24 24 22 22 39 160 41 113 118 107 51 81 123 106 46 35 22 16 14 47 41 12 9 12 18 9 30 28 111
23 45 65 88 33 48 42 81 64 84 63 278 77 319 101 103 178 31 67 49 52 66 187 198 33 57 37 44 84 114 72 21 58 280 35 22 33 62 65 230 41 32 28 29 101 49 97 21 55 81 22 61 23 31 141 31 29 146 43 24 62 22 26 60 87 700 29 39 175 88 146 93 110 101 28 20 10 10 12 10 6 6 5 20 28 30 32
18 151 105 258 37 76 65 120 42 52 88 65 45 91 317 90 90 138 58 123 168 42 17 229 60 52 91 62 100 100 60 37 44 89 262 212 63 247 86 94 47 30 28 23 51 47 21 16 19 36 18 36 36 44 38 58 163 34 22 23 22 38 38 58 80 30 33 161 91 88 55 93 65 110 48 25 10 18 18 10 7 5 12 26 33 22 41
53 62 37 52 41 38 93 80 57 45 117 44 40 40 61 105 122 62 221 68 31 55 90 94 42 78 97 62 122 91 63 55 72 408 112 62 48 33 80 122 73 44 18 30 41 47 83 78 47 12 16 18 19 63 54 35 50 37 22 24 21 197 110 120 242 32 68 164 43 181 115 82 142 110 39 28 14 18 17 51 14 26 23 31 35 58 112
